# dy_bbZ-j1-ptj        central        num_err    min (scale)        num_err    max (scale)        num_err
# 60
             -8      1.2812658     0.39273033      1.0407589     0.32777137       1.608562     0.48292168
           -7.9      0.5588681     0.23635379     0.48352067     0.19610823     0.65129036     0.29300773
           -7.8      1.0205364     0.25941625     0.78819291     0.20968279      1.3830472     0.34317055
           -7.7      1.1896595     0.31050882     0.91242618     0.24537166      1.6123533     0.41569341
           -7.6      1.9049055     0.36406377      1.4726768     0.28427023      2.5552421     0.49910216
           -7.5      2.9199774     0.65620515      2.2816791     0.52602855      3.8605039     0.84018838
           -7.4      2.4116211      0.5131851      1.9691993      0.4179669      2.9964498     0.65346316
           -7.3       2.700814     0.45891487      2.1373268     0.37840065      3.5340374     0.57709923
           -7.2      3.2291112     0.54295231       2.536563     0.43869476      4.2641477     0.70780089
           -7.1      4.4976412     0.60802229       3.504333     0.48268832      6.0087077     0.80809792
             -7      4.4192973     0.56872049      3.3558888     0.43575163      6.0456496     0.78816421
           -6.9      6.9763701       0.955417       5.479376     0.80109663       9.132125      1.1729101
           -6.8      7.4292048     0.75497276       5.678751     0.58259715      10.061882      1.0251869
           -6.7      8.5087304     0.76530092      6.5509088     0.60248835      11.479901      1.0424618
           -6.6      10.941209      1.1038648      8.4929755     0.87083404       14.49726      1.4558549
           -6.5      13.492077      1.3864582      10.365555      1.0893267      18.165135      1.8313718
           -6.4      14.710771      1.6075718      11.494221      1.2481977      19.258319      2.0910985
           -6.3      16.510949      1.0832321      12.798225     0.85563932      21.965679      1.4408228
           -6.2      20.025078      3.4904093      15.839517      2.7547521       25.95602      4.5742771
           -6.1      24.007492       2.085716      19.053756      1.7010566      31.032412      2.6650237
             -6      24.337373      1.4006368      18.829261       1.087131      32.412184      1.9011076
           -5.9      28.921932      1.3674941      22.747502      1.0939709      37.699059      1.8158684
           -5.8      32.223879      1.4494384      25.242237      1.1397161      42.300344      1.9584157
           -5.7      35.770687      1.4915477        27.5772      1.1572738       47.78705      2.0302062
           -5.6      39.330784      1.5673333      30.374592      1.1956798      52.461952      2.1690372
           -5.5      43.846452      1.6774496      34.128066      1.3008441      57.852076      2.2843934
           -5.4      54.451808      2.1714856      42.598696      1.7589476      71.347348      2.8186092
           -5.3      62.460133      2.0991839      49.043662      1.6974547      81.405484      2.7442837
           -5.2      72.549912      4.4606284      56.297822      3.2213921      96.217202      6.4560647
           -5.1       82.52097      3.1902193      64.668418      2.4694598      107.82397      4.3578334
             -5      95.399159      3.4640228      74.431579      2.7209542      125.35346      4.6081712
           -4.9      105.75342      4.6982188      81.981526      3.4710047      140.02013      6.5770312
           -4.8      112.21629      3.4066882      87.853943      2.7255556       146.8139      4.4108833
           -4.7      123.33804      3.0436875      96.588593      2.4377817      161.31722      3.9746892
           -4.6      139.66954      3.4688678      109.86473      2.7878591      181.63992      4.5570709
           -4.5      160.94185      3.9365526      126.36137      3.1510279      209.77837      5.2155433
           -4.4      173.31755      3.5670598      136.65939      2.8603156      224.41035      4.6823663
           -4.3      198.05832      4.2031936      155.31854      3.3709643      258.50562      5.4964722
           -4.2      208.51885       4.260318      164.95278      3.4690166       268.9708      5.4545643
           -4.1      234.56746      5.5453737       185.3656      4.2578261      303.13934      7.6138311
             -4      265.20712      5.8396337      209.66748      4.6958905       342.2712      7.6109703
           -3.9      290.26793      7.3859562      229.38756      5.9810417      374.81442      9.4366113
           -3.8      318.00917      8.0109848      251.40132      6.5558028      410.40194      10.049563
           -3.7      341.57065      5.1521998      270.55527      4.1552984       439.4643      6.7174766
           -3.6      383.93935      6.9852007      304.31973      5.8609706         493.45       9.183204
           -3.5      403.04102      5.2621317       319.7645      4.2434275      517.47726      7.0338724
           -3.4       447.2764      5.8240001       353.9202      4.7552969      576.60341      7.4893149
           -3.3       476.6456      6.4346037      377.27009      5.2221423      613.45532      8.3698113
           -3.2      514.54513      5.8298644      407.28175       4.658024      662.46852      7.6701975
           -3.1      560.19282      6.9261304      444.68064      5.6109366       718.8892      9.0581619
             -3      591.59256      6.2410376      468.86401      4.9817569      760.44086      8.2057763
           -2.9      636.04293       6.833542      504.45546       5.638769      816.85286      8.8895037
           -2.8      683.07558      8.9864101      545.36471      7.4147923       869.4139      12.222254
           -2.7       728.1351       6.504579      578.33682      5.2581028        933.385      8.5111907
           -2.6       777.8036      8.1872816      619.54086      6.6470965       993.2636       10.53666
           -2.5      821.14869      7.6340205      654.11047      6.2173696      1048.1637      9.8503884
           -2.4      874.43554      8.7427205      695.00727      6.9528447      1119.8786      11.525247
           -2.3        945.002      10.491065      753.83532      8.6851874      1204.4511      13.101383
           -2.2      979.05006      8.8848495        780.187      6.8869381      1249.5611      12.219014
           -2.1      1039.5817      7.8911218       829.4481        6.44241       1324.486      10.413934
             -2       1055.877      8.9327006       849.0652      8.0869767      1332.1148      12.984638
           -1.9      1125.9116      8.7066958      901.53468      7.1130127      1428.5087      11.316243
           -1.8      1169.4819      8.9378069      937.64671      7.3904666      1481.5555      11.382742
           -1.7      1226.9776      8.4326984      983.19271       6.874725      1555.1457      10.976976
           -1.6      1274.2078       8.920174      1023.1003      7.5126886      1610.6912      11.593694
           -1.5      1327.5247      10.277056      1063.4964      8.4085803      1683.8711      13.021041
           -1.4      1359.7644      9.4117935       1091.339       7.733557       1721.774      11.968077
           -1.3      1409.9501      10.742364      1132.5962      8.4981607      1784.8889      14.213852
           -1.2      1443.6186      9.2866987      1161.7555      7.9120269      1822.9225       12.34788
           -1.1      1482.1308       9.346591      1190.6944      7.6237371      1875.6613       12.04458
             -1      1518.7534      9.5493314      1221.5408      7.8884347      1920.3677      12.227848
           -0.9      1566.1743      12.276586      1261.0687      10.048512      1975.4297      15.692869
           -0.8      1567.5926       8.844721      1260.8711      7.2295947      1979.0034      11.735218
           -0.7      1612.0217      9.9193852      1297.7304      8.2072023      2033.6585      12.758202
           -0.6       1628.947      9.4253575      1312.2293      7.7219391      2052.7621      12.103055
           -0.5      1624.0585      10.867701      1308.4335       8.827971       2046.676      14.047885
           -0.4      1621.3939      11.375829      1304.6267      9.3805418      2046.2445      14.275209
           -0.3       1601.384      10.734735      1291.7223      8.8675497      2014.1823      13.551706
           -0.2      1572.9392      10.235816      1269.9136      8.4737053       1976.313      13.003951
           -0.1      1562.5987      9.5763834      1257.7615      7.8644989      1970.7283      12.514033
              0      1581.1152      9.5541351      1271.8944      7.8232748      1996.2491      12.378898
            0.1       1568.592      9.2415881      1265.2355      7.6289557      1973.1753      11.821126
            0.2      1614.1702       9.852905      1300.2874      8.0949351       2035.545      12.709786
            0.3      1601.5492      9.7495127       1289.475      8.0312812      2019.1491      12.404986
            0.4      1623.8149      9.7091278      1309.2917      7.9941799      2047.2796       13.08465
            0.5      1627.9337      9.8125629      1310.2617      7.9858911      2054.1261      12.675907
            0.6      1591.9954      9.1029632      1281.4394      7.4591818      2008.5691      11.736306
            0.7      1586.2375      10.096332      1274.2545      8.2795216      2006.8415       12.88035
            0.8      1566.5498      13.621124      1259.8173      11.596826      1979.7314      16.478855
            0.9      1528.0275      9.6341028       1228.021      7.9884113       1932.891      12.159483
              1      1473.8093      9.0290651      1180.9564      7.3480174      1871.0795      11.601153
            1.1      1451.0133      9.1329053      1166.1334      7.5010695      1835.7832      11.697994
            1.2      1398.3188      9.4923581       1125.361      7.9448996       1765.728      11.999421
            1.3      1375.0022      8.7937003       1103.837      7.1932522      1740.9284      11.372259
            1.4      1337.6681      10.587931      1073.9843      8.8818064      1693.1038       13.19046
            1.5      1278.6912      8.8731662      1023.7584      7.2635985      1628.0226      12.555222
            1.6      1227.4747      10.568977       984.7063      8.7081822      1553.4994       13.34044
            1.7      1190.7174      8.8252115      953.11347      7.2187584      1511.6762      11.404461
            1.8       1115.034      8.0611851      892.78539      6.5519479      1414.5024      10.457952
            1.9      1089.7974      10.026029      871.22992       7.922603      1385.0572      13.310879
              2      1021.8758      8.1241117      815.00454       6.583289      1302.9441      10.537634
            2.1      998.05288      10.191033      798.39661      8.5542839      1267.6357      12.808478
            2.2      934.45005      8.2429475      745.50187      6.6616782      1191.0136      10.716189
            2.3      868.33947      9.6649251      691.45946      8.3010557      1110.0558      11.596214
            2.4      827.45643      7.2397415      657.82862      5.8539725      1059.2269      9.3880846
            2.5      781.35584      7.3546157      621.52202      6.1386697      999.65318      9.4207052
            2.6      733.83315      8.7407609      582.43849        7.11398      941.92341      11.202675
            2.7      683.85975      7.5352294      543.48702      5.8202108      875.85299      10.311628
            2.8      661.72169      10.890012      524.76076      8.9617102      850.12188      13.568786
            2.9      596.58673      6.3002644      474.91162      5.1281114      762.37211      8.3123697
              3      554.26917      9.6432735      442.17192        7.60516      706.43121      12.897939
            3.1      506.92325      6.2327504      400.82768       5.021211      655.03188      8.2033974
            3.2      476.34294       5.919991      376.97137      4.7855035      613.48252      7.7255722
            3.3       449.4452      6.2708868       355.7906       5.118188       578.6044      8.1361116
            3.4      406.92607      6.2346916      322.77014      4.9527594      522.87602      8.2505542
            3.5      374.25347      6.6993128      295.21907      5.1332735      484.00315      9.1972636
            3.6       340.7656       4.889875      268.14475      3.9400376      442.25409      6.3822203
            3.7       313.7104      4.6788322       247.8056      3.7405706      405.07411      6.2338548
            3.8      279.54656      4.4389588      220.67916      3.6126496       361.3157      5.7200462
            3.9      254.78672      3.8074181      200.79176      3.0397159       330.0727      5.0486936
              4      236.34671      4.6625416      185.66939      3.5909658      307.55214      6.4081411
            4.1      208.25406      4.3887738       162.9939      3.3829807      272.08765      6.1050237
            4.2      196.27513       4.020375       154.7595      3.2585075      254.02876      5.2180472
            4.3      174.78958      4.3325581      137.72275      3.5308844      226.51281      5.5370676
            4.4      155.82253      3.2815656      123.10407      2.6581287      200.69102      4.2811231
            4.5      137.17262      3.2943196      107.83865      2.5499278      178.29141      4.4825247
            4.6      126.69384      4.7883391      99.666901      3.7793926      164.58094       6.248414
            4.7      114.28679      3.4790318      89.798743      2.8182378      148.68937      4.4842556
            4.8      101.62391       2.938266      79.364015       2.375115      133.36304      3.8416352
            4.9      85.538873      2.2996525      66.604914      1.7989722      112.71844      3.0854198
              5      77.434555      2.2303563      60.976533       1.786669      100.48817      3.0301582
            5.1       70.00112      2.4430706      54.486715      1.9327141      92.217299      3.2095669
            5.2      61.484096      2.0050933       47.78406      1.5824766      81.333149      2.6752826
            5.3      51.266366       2.024154      40.288793      1.6160614      66.758216      2.6783802
            5.4       46.48454      1.8411426       36.29466       1.452608      61.085335      2.4425776
            5.5      39.729717      1.6067635      30.999099      1.2741583      52.306044      2.1325826
            5.6      37.985009      1.9548721      30.083487       1.562179      48.971517       2.591224
            5.7      36.456893      2.0048848      28.624952      1.6009979      47.691411      2.6279125
            5.8      26.079469      1.2995715      20.036779      1.0350668      35.042621        1.72741
            5.9      21.714951      1.1463707      17.067377     0.89394722      28.360987      1.5586991
              6      24.000672      2.3120909      18.520051      1.7368504      32.039713      3.2426991
            6.1      17.096393      1.3763689      13.462372      1.1037725      22.314887       1.806201
            6.2       18.19548       1.264417      14.345635       1.023283      23.692093      1.6469271
            6.3      11.738694      0.8835529       9.072222     0.68258755      15.724962      1.2161967
            6.4      10.595683      0.8559973      8.1979377     0.67256554       14.20487      1.1590552
            6.5      10.333967     0.82719031      8.1121632      0.6572752      13.562476      1.1075042
            6.6      8.1417825     0.77149852      6.3654538     0.61325455      10.722616       1.026963
            6.7      6.1931152      0.7009107      4.8138911     0.54000155      8.2675965     0.96975222
            6.8      5.3695339      0.5879307      4.1836536     0.45170697      7.1116218     0.83052762
            6.9      7.1898947      2.4454949      5.8325378      1.9809393      8.9613278      3.0212613
              7      3.4949813     0.48199648      2.6916526     0.37973115      4.6964203     0.63976675
            7.1      3.6665108     0.65167129        2.86431     0.51613763      4.8317471     0.85765034
            7.2      2.4398189     0.40904488      1.9029222     0.31365384      3.2380856     0.56475497
            7.3      2.5468652     0.38698718      1.9331152     0.29844182      3.4923229     0.52948807
            7.4      2.2789026     0.63988954       1.859122     0.55571627       2.842315     0.75148885
            7.5      1.7685167     0.57645431      1.4784872     0.53155656      2.1384065     0.61588447
            7.6      1.2488268     0.25191564     0.89900492     0.18818653      1.8380443      0.3619205
            7.7       1.715565     0.41324807      1.3368396     0.33825977      2.2651516     0.51315308
            7.8     0.88005807     0.33588248     0.67905315     0.26553806      1.1779045     0.44062188
            7.9     0.89591929     0.23497672     0.66405414     0.17820319      1.2596132     0.32777245
              8     0.89591929     0.23497672     0.66405414     0.17820319      1.2596132     0.32777245
