# pt_bbZ-ptj120        central        num_err    min (scale)        num_err    max (scale)        num_err
              0     0.22123407    0.014510563     0.17111801    0.011146389     0.30149303    0.020700387
              5     0.81656354    0.030398957     0.62663436    0.023372471      1.1103248    0.042567944
             10      1.4710077    0.039848033      1.1293272    0.029957052      1.9888867    0.057260375
             15      2.1495121    0.048234244      1.6420256    0.036870913      2.9160798    0.067661306
             20      2.9223628     0.05455974      2.2238269    0.041831572      3.9749257    0.076666338
             25         3.5184    0.058445982      2.6746481    0.044417762      4.7834299     0.08204375
             30      4.3664239    0.090691634      3.3155522    0.065067139      5.9364458     0.13330597
             35      4.9276474    0.070137744      3.7544387    0.053777924       6.670917    0.099603433
             40      5.6084307    0.099206669      4.2944173    0.081801598      7.5523437     0.13157043
             45      6.2507344    0.082688907      4.7581983    0.063535652      8.4694396     0.11440822
             50      6.8798959     0.10372232      5.2396071    0.076983237      9.3123329     0.14808575
             55      7.3383644    0.092928999      5.6138993     0.07149147      9.8776404     0.12964744
             60      7.9693547    0.094840377      6.0994154     0.07463817      10.718263     0.12943364
             65      8.4362381    0.095980169      6.4673668    0.075294178      11.323297     0.13025236
             70      9.0746329     0.10979095      6.9792128    0.086814265      12.129503     0.14645533
             75      9.5836445     0.11087647      7.3470155    0.084162701      12.861923      0.1562543
             80      9.9445351     0.11732589      7.6445705    0.091071171      13.296908     0.15929646
             85      10.570658      0.1319061      8.1365108    0.099729293      14.111107     0.18481954
             90      11.036326     0.11854396      8.5546734    0.095181005      14.600845     0.15604273
             95      11.604491     0.11576596      8.9977484     0.09213291      15.339593     0.15410494
            100       12.22875     0.12067597      9.5149688    0.095617052      16.091991     0.16030339
            105      13.256933     0.13530367      10.356754     0.10941398      17.349521     0.17607572
            110       14.26901     0.13092701      11.188493     0.10379602      18.577032     0.17632987
            115      15.547962     0.13414564      12.229031     0.10651171      20.151404     0.17920939
            120      18.068464     0.15190533      14.286631     0.12078834      23.250589     0.20139846
            125      18.485635     0.13829781      14.678573     0.11022165      23.647204     0.18318174
            130      18.511386     0.19411333      14.732487     0.15972892      23.605957     0.25322841
            135      18.263935     0.14864831      14.523547     0.11762256      23.309247     0.19971547
            140      17.072133     0.13969077       13.65398     0.12370475      21.608777     0.19963531
            145      16.293213     0.15676633      12.938166     0.12335303       20.85352     0.21266444
            150      14.993002     0.12966309      11.913129     0.10326749      19.127643       0.173806
            155      14.058453     0.14378281      11.160478     0.11055754      17.953712     0.19817874
            160      12.988155     0.11718331      10.332535    0.092514785      16.535007     0.16126242
            165       12.19471      0.1246754      9.6988682     0.10058449      15.536367      0.1651733
            170      11.119166     0.12835047      8.8128202     0.10097681      14.226444     0.17100653
            175      10.556604      0.1092452      8.3822382    0.089663668      13.471257     0.14123167
            180      9.3851467     0.10065897      7.4445542    0.080370292      11.987809     0.13470524
            185      8.5339679    0.091616635      6.7508524     0.07247357      10.931413     0.12338568
            190      7.9814137    0.099209069      6.3051996    0.078897792      10.245557     0.13200603
            195      7.3626831    0.098025969      5.8508057    0.077109396      9.3793773     0.13425576
            200      6.8616705     0.08322436      5.4489213    0.065670948       8.740749     0.11557336
            205      6.3722207    0.097450766      5.0674446    0.081688796      8.1048583     0.13224336
            210      5.8017358    0.085049724       4.592405    0.068866805      7.4229867      0.1111636
            215      5.1637977    0.072987342      4.1005357    0.057415385      6.5727186     0.10101428
            220      4.9388776     0.15246873      3.9173405     0.12847372      6.3057513     0.18518249
            225      4.6072658    0.068298256      3.6372232    0.053803417      5.9134463     0.09185536
            230      4.1637369    0.066932913      3.2805535    0.052731064      5.3557925    0.090658413
            235       3.762254    0.080002169      2.9607389    0.058557736      4.8442382     0.11561524
            240      3.4975069    0.058972929      2.7633811     0.04650298       4.481511    0.080506652
            245      3.2217537    0.056237614      2.5385738    0.044295294      4.1431436    0.075407774
            250      3.0439181     0.06760118      2.3978985    0.052629522      3.9119906    0.092640579
            255      2.8115483    0.054005853       2.223245    0.042299226      3.5972991    0.075258673
            260       2.513817     0.04925204      1.9841813    0.038500477       3.219518    0.067858646
            265      2.3716632    0.049539564      1.8812999    0.039487633      3.0215072    0.067103933
            270       2.146628    0.046560785      1.6925406    0.034711565       2.755167    0.071127975
            275      2.0709514    0.047723986      1.6413462    0.037730265      2.6396092    0.064979181
            280      1.8958079    0.042064912      1.4972714    0.032517216      2.4243681    0.058625709
            285        1.70456    0.077124101      1.3591789    0.055272699      2.1551582     0.11466772
            290      1.5795126    0.044930943      1.2465254    0.036737509      2.0237536    0.058140114
            295      1.4678276    0.037193717       1.151793    0.028729613      1.8950957    0.051336612
            300       1.433141    0.036844254      1.1297345    0.028383297      1.8386426     0.05160249
            305      1.2474673      0.0353954      0.9973063    0.028140466      1.5682422    0.049431096
            310      1.2050528    0.034377451     0.94570389    0.026360769      1.5552232    0.047766693
            315      1.1365794    0.033474427      0.8858023    0.025726408      1.4804936    0.046211439
            320      1.1235081    0.036904848      0.8864554    0.027998891      1.4378793    0.053128459
            325     0.90951258    0.031415263     0.71958784    0.024800024      1.1606279    0.043677847
            330     0.95437746    0.029787799      0.7544231    0.023089587      1.2187835    0.041784931
            335     0.89035791    0.028809885     0.70330501    0.022325541      1.1368623    0.040047573
            340     0.77486553    0.027717002     0.61377694    0.021660361     0.98588481    0.038336288
            345     0.79569484    0.026295542      0.6280292    0.021023224      1.0161223    0.037241575
            350     0.68413852    0.025154572     0.53889041    0.019366949     0.87698688    0.035092145
            355     0.67121325    0.027459312     0.53009309    0.021017203     0.85673394    0.038884311
            360     0.61539835    0.026956461     0.50887889    0.029070441      0.7355734    0.057252726
            365     0.53904939    0.033599325     0.42716235    0.023943634     0.68691381    0.050113941
            370      0.5100549    0.022003395     0.39955214    0.016853312     0.65811951    0.031426442
            375     0.54586279    0.023914923     0.42757478    0.018351072     0.70460719    0.033434618
            380     0.45421354    0.021131273     0.35651935    0.016265433     0.58391498    0.029648142
            385     0.44878376    0.020259917     0.34782777    0.015345968     0.58694601    0.028282017
            390     0.44519738     0.02079077     0.34910602    0.015839396     0.57356387     0.02904886
            395     0.36685783    0.019204493     0.29864533    0.017423846     0.44509849    0.037792191
            400     0.38437565    0.023232905     0.30042169     0.01790273     0.49760354    0.031878949
            405     0.38372774    0.019044609     0.30262073    0.014695647     0.48999384    0.026140809
            410     0.32036022    0.017555134     0.25281164    0.013311143     0.40931538    0.025166528
            415     0.31544772     0.01874197     0.25469409    0.015581915     0.38957996    0.024470513
            420      0.2970359    0.017429297     0.23659172    0.013667372     0.37392572    0.024234444
            425     0.26804071    0.015822589     0.21456414    0.012209725     0.33421289    0.023276187
            430     0.27024724    0.016073633     0.21229275    0.012248184     0.34659209    0.022754225
            435     0.27505968    0.016515665     0.21359221    0.012464092     0.35900819    0.023195099
            440     0.22958238     0.01590179     0.18266118    0.012446299     0.28949835     0.02175294
            445     0.25423203    0.033288515      0.1983163    0.022582966     0.32941215    0.051449271
            450     0.21294775    0.015380769     0.16852065    0.011841833     0.27071724    0.021917159
            455     0.20881092    0.014141256     0.16443677    0.010937313     0.26595524    0.019693675
            460     0.18544636    0.019418085     0.14662154    0.015948134     0.23620006     0.02473079
            465     0.17722787    0.013561231     0.13766212    0.010080144     0.23067382    0.019517449
            470     0.15492634    0.012527307     0.11981545   0.0092463771     0.20307291    0.018015245
            475     0.14695285    0.012355456     0.11791272   0.0097493372     0.18279496    0.017377846
            480     0.14449124    0.011783881     0.11143193   0.0087308516     0.19034504    0.016906317
            485      0.1436727    0.012879782     0.11036421   0.0096960251     0.19032663    0.018223721
            490     0.15327902    0.012279274     0.12037587   0.0094772036     0.19648127    0.017739905
            495     0.13205697    0.010730851     0.12096721    0.020341804     0.13575089    0.012630667
            500     0.14528185    0.023924816     0.11242241    0.016287796     0.19001615    0.036900968
            505      0.1282348    0.010893216     0.10107988   0.0083828626     0.16344758    0.015046091
            510      0.1117525    0.010787128    0.089568059   0.0087458774      0.1394904    0.014603583
            515     0.11770539    0.010517256    0.088358091   0.0076845589     0.16050713    0.015125199
            520     0.11251368    0.011200648      0.0912125   0.0089669268     0.13758711    0.017335478
            525     0.14959504    0.038140649     0.11660187    0.031860357     0.19331116    0.052248017
            530    0.080001338   0.0090217411    0.062076063   0.0066565555     0.10379582    0.013076729
            535    0.094192972    0.009444961    0.078551589   0.0085196703     0.11025781    0.015235442
            540    0.083567381   0.0087071421    0.066813693   0.0066041523     0.10397289    0.012762114
            545    0.075272244   0.0087603721    0.060181508   0.0064166829      0.0934425    0.012938963
            550    0.060927519   0.0080086968    0.048345335   0.0058457098     0.07698939    0.012023076
            555    0.084570865    0.016655391    0.066793578    0.011426342     0.10764797    0.025877515
            560    0.096271181    0.010211083    0.072739015   0.0077528016     0.13039528    0.014209822
            565    0.062731653   0.0075747705      0.0480879    0.005552927     0.08305122    0.010991893
            570    0.065858366   0.0078602325    0.051726792   0.0061492115    0.084420217    0.011479945
            575    0.061871358   0.0076473904    0.049451988   0.0057663626    0.076940394    0.010995384
            580    0.059876752   0.0072974299    0.046335394   0.0054769577    0.078254272     0.01032655
            585       0.072245    0.016104892    0.055538917    0.011094398    0.094931416     0.02449435
            590    0.054219803   0.0067787046    0.041552795   0.0051911048    0.071641181    0.009246506
            595    0.039225964   0.0066182867    0.032087283   0.0048160432    0.047290925    0.010116735
            600    0.050078012   0.0066538528    0.041772913   0.0064508115    0.057987147    0.012016289
            605    0.035167342   0.0063241788    0.028292658   0.0047905973    0.043671868   0.0089595541
            610    0.039736063   0.0063373444    0.032521969    0.004748666    0.047411949    0.010021683
            615    0.037231712   0.0059920313    0.029730748   0.0046033162    0.046408012   0.0081899886
            620     0.03993622   0.0060739962    0.030220748     0.00449807    0.053811733   0.0085758894
            625    0.040848327   0.0061468524    0.031060236   0.0048080521    0.054785984   0.0082172486
            630    0.039079941   0.0057453814    0.029522441   0.0042953228    0.052575472   0.0080072102
            635    0.031960393   0.0058677292     0.02564124   0.0043733284    0.039498287   0.0083005517
            640    0.024207677   0.0046158422    0.018486654   0.0034128908    0.032118071   0.0065754055
            645    0.038355905    0.007101535    0.029220748   0.0050610195    0.051104488    0.010475879
            650    0.037472795   0.0060302172    0.028650433   0.0043814412    0.049853622   0.0088119437
            655    0.022250335   0.0042713146    0.016802028    0.003179876    0.030035827   0.0059699779
            660    0.034288169   0.0052928911    0.025517146   0.0039123395    0.047201319   0.0075960093
            665    0.024666712   0.0046218594     0.01910124   0.0034713628    0.032074252   0.0065253849
            670    0.032029902   0.0059216125    0.024489783   0.0042703294    0.042417067   0.0086614342
            675    0.021457027   0.0047156243    0.016305374   0.0033867092    0.028754213   0.0070704737
            680    0.029593484   0.0070084663    0.022120059   0.0048526104    0.040302086    0.010678246
            685    0.027760551   0.0050973572    0.021071142   0.0036143219    0.037326634    0.007725334
            690    0.023438405   0.0045334269      0.0173925   0.0033525622    0.032403583   0.0063664314
            695    0.023242972   0.0042525541    0.017521713    0.003224765    0.031304095   0.0058267244
            700    0.028268071   0.0052818263    0.023051496   0.0042711657    0.033757913   0.0071054932
            705    0.020872027   0.0042997505    0.016429764   0.0032737841    0.026425019   0.0059181117
            710    0.014063366   0.0034917101    0.011328543   0.0027602509    0.017243189    0.004594143
            715     0.02329752   0.0063578138    0.017532028   0.0042732472     0.03171241    0.010273167
            720    0.029468681    0.017849404    0.021099687    0.011879438    0.042229036    0.027803764
            725    0.016201831   0.0035369938    0.012634075   0.0027966957    0.020754173   0.0046859567
            730    0.013501968   0.0043703731    0.010673425   0.0031464967     0.01708439    0.006412912
            735    0.013032224   0.0036751901    0.009869882   0.0026504291    0.017545118   0.0053644002
            740    0.015660531   0.0039239479    0.012234212    0.003001372    0.020267244   0.0054180689
            745    0.010711555   0.0033734166   0.0094529902   0.0026063709    0.011159311   0.0046683676
            750   0.0099510039   0.0040989939    0.008667067    0.002962627    0.010885571   0.0054783443
            755    0.015328937   0.0040408256    0.011079409   0.0028763661    0.021832756    0.005899638
            760   0.0086853543   0.0032306239    0.007261673   0.0049577884    0.008759252   0.0027377651
            765    0.017746457   0.0038563551    0.013698898   0.0029369197    0.023062973   0.0055822048
            770    0.017803642   0.0049866494    0.012656063   0.0034601117    0.025798366   0.0074619131
            775   0.0098035433    0.003254594   0.0073522244   0.0023279288    0.013343858   0.0047944021
            780    0.010459232   0.0032892325   0.0084897243    0.002510346    0.012637539   0.0045798611
            785     0.01914622   0.0042339874     0.01444565   0.0031060548    0.025647283   0.0060432483
            790   0.0070910826    0.002822454   0.0054004724   0.0019230173    0.009297559   0.0045173782
            795     0.02383567    0.012179207    0.018155492   0.0094065256    0.032382677    0.016585337
            800   0.0094082676   0.0027213296   0.0078693504   0.0023281098    0.010778466   0.0033832017
            805    0.014131063   0.0049966657    0.011992205   0.0044051353    0.016260713    0.005672105
            810   0.0050166338   0.0027958782   0.0043246457   0.0019003393    0.005361496   0.0044728746
            815   0.0069010826   0.0023002647    0.005082815   0.0017041024   0.0096005512   0.0032266586
            820    0.005441496   0.0025651582   0.0044265552   0.0018850447   0.0065054922   0.0037903211
            825   0.0045940551   0.0021655593   0.0035905315   0.0015513941   0.0058785039   0.0031782165
            830   0.0092567716   0.0030802053    0.007162815   0.0021662315    0.012052677   0.0046690862
            835    0.018422185   0.0038688413    0.013723445   0.0029206969    0.025452736   0.0053706763
            840   0.0046521457   0.0021905844   0.0036742126   0.0016779903   0.0058670079   0.0030945498
            845   0.0045962008   0.0021663185   0.0031876575   0.0014367119   0.0068602757   0.0034265583
            850    0.009765315   0.0043061009   0.0069675196   0.0029454273    0.014102579   0.0065604971
            855   0.0091888385   0.0032484875   0.0076898031   0.0021646819    0.010661693   0.0060334177
            860   0.0092577559   0.0026730858   0.0067268505   0.0019480214    0.013055787   0.0037906904
            865   0.0063698228   0.0022593831   0.0043484449   0.0015576439   0.0097425198   0.0034569452
            870    0.007118996   0.0029695518   0.0061307008    0.002090276   0.0077655116   0.0047663661
            875   0.0045940551   0.0018754214   0.0030580512   0.0012536469   0.0072328739   0.0029696417
            880   0.0053713976   0.0023008363   0.0041964173   0.0017308849   0.0069259646   0.0032901256
            885   0.0032783267   0.0019732937   0.0023698622   0.0013215155   0.0046609055   0.0030845065
            890   0.0053697834   0.0023002782    0.004896378   0.0016564555   0.0056264764   0.0026045052
            895   0.0053597441   0.0020256915   0.0040921456   0.0015836326   0.0070719882   0.0028051104
            900   0.0030627559   0.0015313014   0.0027627362   0.0014252924    0.003178937   0.0016802713
            905   0.0022970472   0.0013261345   0.0020679331   0.0012489126   0.0024050984   0.0013904863
            910  0.00076574799   0.0022969324 -0.00059374248   0.0034597211   0.0012010276   0.0018562559
            915   0.0076702952   0.0024254725   0.0054910237   0.0017429725    0.010994173   0.0034954065
            920   0.0053597243   0.0020256841   0.0040677756   0.0015509551    0.007227874   0.0027858179
            925   0.0022970866   0.0017120382   0.0020407481   0.0012525861   0.0023762008   0.0022596984
            930   0.0034152755   0.0017345664   0.0026050393   0.0013260554   0.0045360434   0.0023107208
            935   0.0061254527   0.0021655663   0.0045720275   0.0016278585   0.0082992716   0.0029782504
            940   0.0022974803   0.0013263846   0.0015778346  0.00091215918    0.003465374   0.0020040321
            945   0.0041697243   0.0021767928   0.0032838582   0.0016903416   0.0054227559    0.002974273
            950   0.0022970472   0.0013261345   0.0015823032  0.00092024301   0.0034718504   0.0020247978
            955   0.0015313779   0.0018754053   0.0012376773   0.0030033792   0.0015666338   0.0016827228
            960   0.0045942913   0.0018755178   0.0033067913     0.00135954   0.0065290551   0.0026964548
            965   0.0038283858   0.0017120206   0.0026152757   0.0011804062   0.0058356693   0.0026442685
            970   0.0030916339   0.0015459423   0.0026692126    0.001380577   0.0032788366   0.0018854932
            975 -5.9025591e-08   0.0010827518  -0.0002005315   0.0020498078  8.9370098e-05  0.00059067669
            980  0.00085598427   0.0017542679 -0.00098858279   0.0029112488   0.0014716575   0.0012825593
            985   0.0053619488   0.0022976737   0.0044182874   0.0017682916   0.0062842717   0.0031376412
            990   0.0015315354   0.0015313604   0.0013899804   0.0010638122   0.0015993702   0.0017157257
            995   0.0022970669   0.0013261459   0.0016330315  0.00094393055   0.0033172047   0.0019186603
           1000   0.0022970669   0.0013261459   0.0016330315  0.00094393055   0.0033172047   0.0019186603
