#    pt_em-zoom        central        num_err    min (scale)        num_err    max (scale)        num_err
              0       25.84507     0.81628342      21.404554     0.73586504      37.282391      2.1211656
              1      75.847016      1.1716849      62.546179      1.0025817      111.04539      3.5639905
              2      128.04034      1.7220628      105.58058      1.5074419      185.85277        4.68806
              3      182.96689      2.2764171      151.44227      2.0322513      271.21601      6.1166581
              4      231.10486      2.1760908      191.08185      1.8969918      332.54251      6.3547684
              5      288.92671      2.4207028       238.3345      2.1087049      432.27748      7.2090365
              6      345.82383      3.0750164      285.42011      2.6978079       510.3611      7.7763996
              7      399.69271      3.3925462      330.63155      2.9533577      584.76363       8.445562
              8      452.06666      3.2946177      373.48514      2.9052715       657.8722      8.7627792
              9        507.274       3.441532      418.73077      3.0178435      745.01426      9.5548429
             10      571.68956      4.1187095      473.20975      3.5930007      843.74097      10.287261
             11      633.82572      4.1418683       524.1911      3.6230534      911.34992      10.038826
             12      687.44683      4.1612898      568.28211      3.6295106       994.5609      10.583838
             13      753.35847       4.437766      624.18704      3.9035742      1079.1399      11.251295
             14      817.25475      4.7431227      676.35813       4.154067      1170.8839      11.323606
             15      887.38883      5.1974571      735.05665      4.5508874      1272.3926      12.315857
             16      948.07863      5.0682517      784.67797      4.3778351      1366.6787      12.670807
             17      1008.3023      5.2417308      835.51888      4.5839386      1456.1654      13.121437
             18      1076.8176      5.3525046       891.7984      4.6358877       1557.104      13.232815
             19      1150.6249      5.9388507      954.14724      5.1960338      1649.2216      14.118348
             20      1208.5056      5.6965846      1003.0173      4.9542647      1746.0125      14.894002
             21      1281.8822      6.3816574      1062.2646      5.5246112      1852.9316       14.79432
             22      1334.8423       5.849147      1108.2177      5.0866336      1912.4871      15.018957
             23      1409.4081      6.0208428      1168.2495       5.167665      2046.6998      15.224915
             24      1466.4303      6.1544649      1216.3226        5.34719      2138.5294      15.961488
             25      1522.2397       6.149353       1262.988      5.2989726       2216.906      16.187666
             26      1584.0041       6.342562      1315.2862      5.4346249      2271.8678      16.527059
             27      1634.8288      6.1452764      1356.3134      5.2409709      2407.8693      16.958292
             28      1702.1863      6.2787854      1413.2813      5.4012666      2510.1801      17.521291
             29      1731.7018      6.0682881      1437.0337      5.1662782      2568.9524      17.743752
             30      1786.0508      6.2474456      1481.2017      5.2779497      2647.6474      17.940836
             31      1810.1895      6.1860293      1502.3825      5.2537218      2713.4057      18.443693
             32      1842.1732      6.2364324      1528.1088      5.2921717      2777.1251      18.603739
             33      1860.6412      6.1888725      1542.2758      5.2349293      2851.6766      19.098512
             34      1870.6629      6.4428307      1551.1023      5.4529602      2871.2374      19.349002
             35      1863.1149       6.103762      1543.4581      5.1521143      2865.7147      19.696052
             36      1851.5824      6.3972827      1533.7611      5.3529396      2885.8823      20.257075
             37      1790.3981      5.9631268      1482.7145      4.9794151      2795.6311      20.023924
             38      1731.0456      5.9081213      1433.2076      4.9254522      2693.6089      19.386109
             39       1659.628      5.6725517      1373.3609      4.6866063      2586.9185      19.220152
             40      1546.7609      5.4141225      1282.0738      4.4953793      2369.9449      18.234147
             41      1448.5579      5.1985398      1201.1419      4.3593994      2212.0098      16.872802
             42       1332.668      4.7842384      1108.3831      4.0665616      1964.4154      15.206153
             43      1219.2239      4.5134092      1014.7716      3.8054276      1792.1832      14.335234
             44      1126.6433      4.5071549      939.42384      3.8396979      1644.0049      13.202478
             45      1021.5729      4.0479664      852.59211      3.4772127      1445.8137      11.892574
             46      929.96137      3.9473793      776.51752      3.3392614      1316.9281      11.507771
             47      842.15099      3.4510567      703.57536      2.9300059      1169.5411       9.956752
             48      775.18125      3.5643703      648.69178      3.0789142       1064.452      9.3748226
             49      705.29742      3.1594348      590.42771      2.6976426      950.20802      8.7514174
             50      642.36229      3.0430951      538.22234      2.6140547      866.14919      7.6101596
             51      591.32988      3.0313351      495.27554      2.6320292      793.05327       7.532007
             52      542.93784      2.9505217      454.74744      2.5628488      728.40258      6.9615409
             53      502.70296      2.7296515      421.45781      2.3632046      665.81861      6.2976849
             54      460.39079      2.4408035      385.86297      2.1209937       599.2263      5.7793727
             55      426.04501      2.4133187      356.97207      2.0802774      551.33466       5.051679
             56      389.45486       2.206772       326.5288      1.9218553       503.3584      4.9089024
             57      359.79817      2.2397808      301.95439      1.9273253      462.62855      4.8172075
             58      339.79062      2.1346762      285.48055      1.8665956      432.38666      4.2708538
             59      314.88748      2.0255371      264.32227      1.7987361       401.8886      4.2091343
             60      292.75135       1.944245      245.50258      1.6870677      377.61223      4.3856307
             61      272.68263      1.8494141      228.61059      1.5942537      343.73533      3.3807215
             62      252.15168       1.779609      211.62055       1.560787      315.39394      3.9001558
             63      234.22955       1.833622      196.30694      1.6328577      292.81228      3.3265288
             64      218.79356       1.554394      183.34061      1.3683736      275.44149      3.1064171
             65      208.31027      1.6935282       174.6745      1.4777819      260.68655      3.1162548
             66      195.61495      1.7616421      164.19725      1.6024095      242.16495      2.8644021
             67      184.53518      1.6105461      154.61812      1.3921407      233.35447      3.2505159
             68      171.85311      1.3580069       143.8454      1.1842241       216.8913      2.7599984
             69      161.17321      1.3773578      135.17499      1.2356336      201.13098       2.700812
             70      152.12986         1.4068      127.61863      1.2657921      188.71399      3.0905836
             71        144.079      1.1694386      120.85596      1.0225288      178.63038       2.065562
             72      137.61639      1.1727447      115.44133      1.0356574      172.15058      2.1837449
             73      130.12332       1.132304      109.04192     0.98984313      160.26439      1.8016825
             74      122.87319      1.1498876      102.94296      1.0114264      151.35916      2.1785793
             75       115.7631        1.20077       96.98656      1.0894402      141.59633      2.0482273
             76      107.99416      1.0241989      90.626345     0.89190623      131.82258      2.0978397
             77      102.88343     0.98220061      86.165237     0.85864032      127.51083      2.2385976
             78      97.893279     0.94238589      82.063673     0.82315691      120.81446      1.5185152
             79      91.331085      1.0160329      76.507676     0.89815921      112.63451      1.8905317
             80      86.370926     0.89013765      72.465592     0.77952485      106.71001      1.5673733
             81      84.622569     0.94709768      70.918133     0.83049271      104.24966      1.4355953
             82      78.909011     0.82662406      66.102979     0.71834449      96.932405      1.2801844
             83      74.771167     0.82962333      62.507739     0.73016555      91.265632      1.1110703
             84      71.329907     0.87612488      59.767054     0.75043043      87.319782      1.6259653
             85      69.661037      1.0479508      58.455706      0.9319148      83.986984       1.281272
             86      65.739277     0.73890291      54.838636     0.63726246      82.902316      1.6425102
             87      63.982956     0.77217888      53.576452      0.6796675      81.486077      1.8166522
             88      58.511464     0.84941166      49.111047     0.73695286      70.977696      1.0576485
             89       56.62943     0.69414389      47.382455     0.60488253      69.326493     0.88700072
             90      54.749586      0.6657985      45.857239     0.59001521      66.977087      1.4427844
             91      49.974187      0.6204899      41.685898     0.53276789       61.45899      1.0607661
             92       50.67137     0.70874284      42.418651     0.61710942       62.71096      1.1732246
             93      49.423138     0.70948012      41.480722     0.62930581      59.902761     0.86468118
             94      44.964466     0.64108395      37.670579     0.56460241      55.615817      1.3262855
             95      45.114255     0.85952275      37.788539       0.732363      54.802939      1.0853135
             96      42.294532     0.63528524      35.204874     0.52854681      52.222158      1.2220356
             97      40.439775     0.58704793       33.80124     0.50917827      49.812952     0.85798589
             98      39.429929     0.66204054      33.071973     0.58426767      47.801327     0.83253189
             99       37.76447      0.5865894      31.685705     0.51869788      46.173558     0.97591208
            100       37.76447      0.5865894      31.685705     0.51869788      46.173558     0.97591208
