#  pt_Z-mbbZ500        central        num_err    min (scale)        num_err    max (scale)        num_err
              0      591.13085      2.0150806       476.7426      1.6038377      1164.7312      7.4828429
              5      1387.8294      2.8946415      1133.2547      2.3934186      2492.9306      10.017862
             10       1596.962      2.8691127      1319.0262      2.4388172      2585.0394      9.1206207
             15      1492.5144      2.7133158      1242.4085      2.3434333      2242.2671      7.5908052
             20      1275.5132      2.4001493      1066.9455      2.0982256      1796.1178      6.1137761
             25      1057.3726      2.0675947      886.41831      1.8243681      1440.9965      4.9375988
             30      861.05408      1.7390459      722.36872      1.5384498      1142.1046      3.9941248
             35      704.06935      1.5735811      590.27985       1.397672      913.70271      3.3140087
             40      572.10761        1.31999      479.53194      1.1722137      731.26012      2.7115743
             45       470.8106      1.1339574      394.11796      1.0098599      598.50809      2.2186686
             50      390.07104      1.0232086      326.44283     0.91115525      491.45641      2.0050225
             55      321.36886     0.90843059       268.7811     0.81240734      399.87996      1.6349793
             60       268.2725     0.75328817      224.05151     0.66677748      332.49961      1.3149527
             65      224.30157     0.69137052      187.28362     0.62655633      275.93386      1.1999678
             70      187.50594     0.60714895      156.39107     0.53974438      232.41158      1.0134134
             75      159.14907     0.55259701      132.65096     0.48938944      195.46611     0.96297006
             80      136.02143     0.53715035      113.35382     0.47625131      167.08012     0.86025143
             85      114.09335     0.48840676      95.054788     0.43654738      141.09826       0.851597
             90      98.378033     0.40484307      81.876457     0.35437275       120.4985     0.66209158
             95      84.171564     0.36041895      69.900823     0.31310678      103.90721     0.57889275
            100       72.63639     0.34540713      60.425592     0.30456856      89.107551     0.58766604
            105      62.005508     0.34789495      51.435995     0.31970566      76.110976      0.4537965
            110      53.526935     0.27822148      44.446567     0.23948743      65.760509     0.46025519
            115      46.761729     0.26480754      38.889418     0.23529185      57.292493     0.37616523
            120      40.377519      0.2464126        33.5359     0.21455368      49.482582     0.37736595
            125      35.495256     0.23518622      29.454329     0.20479882      43.306606     0.30054222
            130      30.741204     0.22771829      25.512651     0.21036029      37.615119     0.26448599
            135      26.941223     0.19970426      22.307568      0.1731867      33.074893     0.25131386
            140      23.569131     0.17654423       19.48588     0.15157424      28.902993     0.22302854
            145      20.821274     0.17016912      17.165983     0.14709623      25.681356     0.22132856
            150      18.096782      0.1551387      14.937303     0.13341655      22.220482      0.1974223
            155      16.068708     0.14681773      13.239004     0.12851017      19.802866     0.19364104
            160      14.162107     0.13411813      11.651295     0.11424012      17.500995     0.17502809
            165      12.606212      0.1234996      10.357049     0.10430043      15.536258     0.17880728
            170      11.002035     0.11616523      9.0222837    0.099213823      13.592605     0.14600032
            175      9.9866597     0.10876338      8.2132403    0.093034179       12.35504     0.14973852
            180      8.9357796     0.10575772      7.3097874    0.089767554      11.069339     0.13472014
            185      8.1210234     0.14969801      6.6828306      0.1219104       9.964218     0.20243989
            190      6.9843822    0.088654243      5.7025202    0.074665219      8.6809309     0.11959814
            195      6.3037103    0.085088377      5.1586932    0.072535203      7.7892218     0.10997501
            200      5.6033235    0.083923971      4.5623525    0.072822955      6.9740592      0.1028136
            205      5.1471468    0.075151476      4.1994415    0.062520094      6.4015711     0.10114487
            210      4.5591797    0.074391363      3.7059964    0.064286864      5.6811176    0.092278383
            215      4.1157411    0.065296064       3.372636    0.066073775      5.0598671     0.12337057
            220      3.5334835    0.060751138      2.8538107     0.05022368       4.436939    0.081339483
            225      3.3061508    0.059143325      2.6694755    0.048962066      4.1494802    0.076758179
            230      2.9453122    0.075242627      2.3727436     0.05693943      3.7077549     0.10706313
            235      2.6384533    0.052615342      2.1318516    0.043664576      3.3004188    0.068980662
            240      2.3520821    0.047802178      1.8876908    0.038342045      2.9655337    0.064097367
            245      2.0603258    0.044386377      1.6550328    0.035617649       2.595957    0.060137962
            250      1.9464244    0.042543235      1.5491558    0.033637468      2.4763475    0.056905962
            255      1.7514028    0.039671936      1.3916092    0.031516323      2.2318959    0.052723393
            260      1.5974439    0.038665692      1.2725181    0.030843329      2.0300937    0.051781775
            265      1.4514845    0.035768764      1.1602496    0.028319729       1.832441    0.049907027
            270      1.3411464    0.034554444      1.0701367    0.027185256       1.696589    0.047370152
            275      1.1958903    0.035196118     0.94474895    0.026821354      1.5338918    0.049097038
            280      1.0944288    0.031842931     0.86832864    0.024812477      1.3945089    0.044010721
            285       1.018716    0.031757678     0.80668537    0.024854762      1.3032205     0.04332279
            290     0.94714443    0.029434813     0.75060164    0.023043423       1.209089    0.039868079
            295     0.85406177    0.027343001     0.67483013    0.021459022      1.0945747    0.036730926
            300      0.7618349    0.026612224     0.60570047       0.020899     0.96824824    0.037035633
            305     0.74979874    0.030279945     0.59758045    0.023246887     0.94895415    0.042111646
            310     0.66263193    0.024295996     0.52329197    0.018979369     0.84846105    0.033297232
            315      0.6115384    0.024503205     0.48100291     0.01869531     0.78719757    0.034339741
            320     0.56838992    0.022588565     0.44645566    0.017463775     0.73390415    0.031411421
            325     0.55341583     0.02181365     0.43939215    0.017049057     0.70325501    0.030318166
            330     0.47592947    0.020220232     0.37770293    0.015919398     0.60430537    0.027044909
            335     0.45542667    0.019809186     0.36078671    0.015498171     0.57976032    0.026820653
            340     0.43543399    0.019229406      0.3444089    0.014944819     0.55491818    0.026147407
            345     0.36491081    0.017850663     0.28395063    0.013756999     0.47614945    0.024611088
            350      0.3321124    0.025775493     0.25879201    0.018448062     0.43234758    0.037870363
            355     0.30304913    0.016050871     0.24126213    0.012653137     0.38305556     0.02331189
            360     0.30096374    0.016149959     0.23533301    0.012596264     0.39007468    0.021818611
            365     0.28229165    0.015689811     0.23512301    0.015591233     0.32945624    0.034500679
            370     0.24648736    0.014603192     0.19482497    0.011211812     0.31405547    0.020691384
            375     0.23726492     0.01470895     0.18838572    0.011551899     0.30069455    0.020256389
            380      0.2242022    0.013918063     0.17887541    0.010994501     0.28239208    0.019042665
            385     0.22303858    0.014405394     0.17563862    0.011090704     0.28525794    0.020533938
            390     0.19844866     0.01333922     0.15553872    0.010152061      0.2557518    0.018541636
            395     0.17309652    0.012244843     0.13767461   0.0094308267     0.21863522    0.017455792
            400     0.21448724    0.039136118     0.16978596    0.032713983     0.27186313    0.053333658
            405     0.15259451    0.012075834     0.12545935    0.010027277     0.18354978    0.018235187
            410     0.14770299    0.014837147     0.11842649     0.01306105     0.18535923    0.017848903
            415     0.14103248    0.011154555     0.11181632   0.0086656923     0.17884905     0.01518229
            420     0.12603402    0.010850664     0.10140605   0.0082762091     0.15592519    0.015463371
            425     0.13134526    0.010479488     0.10501344   0.0083248766     0.16413405    0.014090855
            430     0.11654484   0.0098566944    0.091463841   0.0075483743     0.14947606     0.01344575
            435        0.10256   0.0095841954    0.081609404   0.0074184357     0.12940536    0.013311403
            440     0.10223732   0.0093515277    0.079554784   0.0071199965     0.13273032    0.012869849
            445    0.090166318   0.0090287398    0.070037086    0.049536743    0.091045847    0.018389301
            450    0.086420295   0.0088966993    0.068057165   0.0067106247     0.11065604     0.01254664
            455    0.085992893   0.0089069332    0.069548791   0.0067220483      0.1053685    0.013299041
            460    0.077552539   0.0081136483    0.061237126   0.0063249603    0.098520895    0.011023467
            465    0.063433405   0.0078575514    0.049958858   0.0059466023    0.081163563    0.010972525
            470    0.071166417   0.0079106781    0.056964175    0.006248883    0.088785472    0.011283623
            475    0.060589429    0.007908667    0.050752463   0.0066724049    0.071061124    0.010846657
            480     0.05285996   0.0069784276    0.041941536   0.0052098727    0.066562272    0.010047731
            485    0.063938563   0.0071869884    0.050049449    0.005552141    0.082142861   0.0099516427
            490    0.062989625   0.0071793236    0.049397973   0.0056061287     0.08060739   0.0095536836
            495     0.04448124   0.0061343631    0.034545866   0.0046568835    0.057674862   0.0084650859
            500    0.042272874   0.0066048225    0.035106693   0.0049835232    0.049573406    0.010142034
            505     0.04636683   0.0062783112    0.037894271   0.0050190937    0.055597248    0.008347261
            510    0.043501555    0.006369328    0.034801358    0.004895965    0.054202087   0.0089181672
            515    0.037111043   0.0056787411    0.029202401   0.0043992534    0.047286016   0.0078642675
            520    0.042022244    0.005736857    0.033601378   0.0051642076    0.052592224   0.0091294453
            525    0.043875177   0.0062614436    0.034011299   0.0049415633    0.057627457   0.0083490638
            530    0.031133897   0.0057081331    0.025677559   0.0043348864    0.036774941   0.0080026026
            535    0.030684055   0.0050957062    0.022593878   0.0037283407    0.042771417   0.0072654374
            540    0.024415689   0.0046779045    0.020704571   0.0037931093    0.028026476   0.0063960943
            545     0.03213748   0.0051887836    0.024574941   0.0039640155    0.042495669   0.0073218943
            550    0.031187677    0.005268819    0.025280171   0.0041241737    0.038212638   0.0073764688
            555    0.029707578   0.0049573921    0.022916772   0.0037759571    0.039004095   0.0067534426
            560    0.021444075   0.0043320225    0.017283523   0.0033981942    0.026216791   0.0056869023
            565    0.026363149   0.0046554951    0.019926653    0.003500322     0.03546437   0.0064377563
            570    0.022242618   0.0042697749         0.0174   0.0032900541    0.028437008   0.0057797265
            575    0.029107323   0.0048441547    0.022062205   0.0036038886    0.039126201   0.0068342187
            580     0.01761246   0.0041234187    0.013474862   0.0029869469    0.023367972   0.0061430733
            585    0.020675433   0.0039787904    0.015630039   0.0030214552    0.027782736   0.0053933804
            590    0.018376476   0.0041936092     0.01625752   0.0031866436    0.019709685   0.0061875631
            595    0.017789272   0.0038665042    0.013615906   0.0029290175    0.023675157   0.0052998438
            600    0.016456968   0.0040590597    0.013606713    0.003209511    0.019551102   0.0054378156
            605    0.019046811   0.0052249929    0.014810846    0.004263549    0.024997441   0.0067726397
            610    0.016468484   0.0036135469    0.012465177   0.0027584424    0.022199843   0.0049034522
            615    0.013782283   0.0034240675    0.011024941   0.0026776314     0.01708313   0.0045360435
            620    0.016079272   0.0035086093    0.012472953    0.002769961    0.020983467   0.0047339774
            625    0.012384705   0.0032822971   0.0097289764   0.0024977042    0.015729193   0.0044842743
            630   0.0053597244   0.0022969061   0.0042089567   0.0017240252   0.0068114959   0.0032558213
            635    0.014671142   0.0033677598    0.011223681   0.0026113256    0.019526398   0.0045915797
            640   0.0091882086   0.0030625388   0.0077918897   0.0024276243    0.010242874   0.0042698123
            645   0.0099540157    0.003156873   0.0078175788   0.0022832169    0.012693012   0.0045994063
            650    0.010743209   0.0028711901   0.0077634055   0.0020877885    0.015409921    0.004150234
            655   0.0022098622   0.0020602176   0.0019009449   0.0013099176   0.0024589172   0.0034937641
            660    0.010719606   0.0032483622   0.0086208268   0.0024393033    0.013147244   0.0045709782
            665   0.0091882086   0.0028647762    0.007677874   0.0022642919    0.010566653   0.0037876341
            670   0.0084225196   0.0027605546   0.0062667519   0.0019407252     0.01152437   0.0041785224
            675   0.0084224803   0.0027605333   0.0063684448   0.0019954465    0.011333287   0.0040677118
            680   0.0038269291   0.0020251489   0.0031653149   0.0015302453   0.0044779529    0.002941384
            685     0.00427937   0.0027606998   0.0037139173   0.0017096828    0.004755768   0.0048112601
            690   0.0072117126   0.0024227118      0.0055875   0.0019157091    0.009426181   0.0032152113
            695   0.0066559448   0.0024048646   0.0048008662   0.0017706884   0.0096559645    0.003471752
            700   0.0084558857   0.0025495933   0.0062866339     0.00191268    0.011658189   0.0035694736
            705   0.0068932874   0.0022976484   0.0058834055   0.0020373711   0.0078374488   0.0027229225
            710   0.0030627559   0.0018754214   0.0027615354   0.0013606461   0.0031697245   0.0021186824
            715   0.0059545275   0.0037229503   0.0053154706   0.0027287469   0.0061057479   0.0052373207
            720   0.0030627559   0.0015313014   0.0024578937   0.0012455431   0.0038056299    0.001963398
            725   0.0038283464   0.0017120029   0.0029017914   0.0013082989   0.0051796456   0.0023614586
            730   0.0068911417   0.0022969324   0.0058744882   0.0019875538   0.0076117559   0.0026674618
            735   0.0030626968   0.0015312718   0.0021395669    0.001071503   0.0045454134   0.0022778465
            740   0.0024074802   0.0020698999   0.0020660038   0.0033859402   0.0024281693   0.0022807632
            745   0.0076567913    0.002652252   0.0061314783   0.0018619273   0.0094914371    0.004299937
            750   0.0068911614   0.0022969389    0.005221496   0.0017563071   0.0091767325   0.0031206507
            755   0.0061254527   0.0021655663   0.0047600394    0.001692902   0.0078267126    0.002806848
            760   0.0045941141   0.0018754455   0.0038227362   0.0015904294   0.0052818109   0.0022949908
            765   0.0022971456   0.0017120118  0.00016100392   0.0025336872   0.0029091732   0.0017436413
            770   0.0038691338   0.0017306259   0.0027837008   0.0012457905   0.0055331299   0.0024789709
            775  0.00076570864   0.0013261345  0.00062403546   0.0019752194  0.00078417319   0.0014806519
            780    0.007894685   0.0031692947    0.005472815   0.0021644349    0.011824784   0.0048513222
            785   0.0038283661   0.0017120118   0.0028126181   0.0012759916   0.0053998033   0.0024786976
            790   0.0022970866   0.0017120206   0.0019291732   0.0012154722   0.0026059449   0.0023649799
            795    0.002308878   0.0013329997   0.0016782677  0.00097176675   0.0032836811   0.0019006215
            800   0.0038316535   0.0017134844    0.002583563    0.001161388   0.0059178544    0.002665004
            805   0.0045940944   0.0018754374   0.0040408465   0.0016881997   0.0047649212   0.0019466999
            810 -0.00076564962  0.00076561133  -0.0013937009   0.0013936312 -0.00044226376  0.00044224164
            815   0.0030627165   0.0015312817   0.0022779133   0.0011447413   0.0041737992   0.0021066285
            820              0   0.0010827936 -0.00083925199   0.0019448778  0.00035511808  0.00069414327
            825   0.0038283661   0.0017120118   0.0029764567   0.0013395675   0.0048737598   0.0022177077
            830   0.0053597244   0.0020256841    0.003761752   0.0014269284    0.007928563    0.003011274
            835   0.0015313583   0.0010827797  0.00096458858   0.0010862464   0.0016378543    0.001195381
            840  0.00076568897  0.00076565068  0.00062576771  0.00062573642  0.00090608267  0.00090603736
            845   0.0022970472   0.0013261345   0.0016929527  0.00097812425   0.0031582677   0.0018272596
            850  0.00076568897  0.00076565068  0.00052228345  0.00052225734   0.0011617913   0.0011617333
            855  0.00076572832   0.0017120294  -0.0030802953   0.0040287809   0.0023013189   0.0013370471
            860   0.0015313779   0.0010827936   0.0010162992  0.00071884469   0.0023994685    0.001697239
            865   0.0030627362   0.0015312915   0.0020030709   0.0010039146   0.0049018701   0.0024580686
            870   0.0022970669   0.0013261459   0.0017743898   0.0010249533    0.002992185   0.0017295767
            875 -0.00014377954   0.0011888108 -0.00025366137   0.0011650234 -3.6220079e-06   0.0012188379
            880   0.0015313583   0.0015312915   0.0013280315   0.0010983506   0.0016827755    0.002062097
            885              0              0              0              0              0              0
            890 -0.00076566929    0.000765631  -0.0016001575   0.0016000776 -0.00035053148  0.00035051396
            895              0              0              0              0              0              0
            900   0.0015313976   0.0015312522   0.0012413386   0.0024253172   0.0015784645   0.0013809748
            905   0.0015313779   0.0010827936    0.001280433  0.00091054644   0.0017549212    0.001251193
            910              0              0              0              0              0              0
            915   0.0015313779   0.0010827936   0.0011742717  0.00084096592   0.0020050788   0.0014562957
            920  0.00076568897  0.00076565068  0.00048015748  0.00048013347   0.0012754921   0.0012754283
            925   0.0015313583   0.0010827797   0.0012270866  0.00086763794   0.0018470866   0.0013061199
            930   0.0015313779   0.0010827936   0.0011384449  0.00080962939   0.0020864567   0.0014908806
            935   0.0015313583   0.0010827797    0.001081752  0.00076636874   0.0022430906    0.001590212
            940              0              0              0              0              0              0
            945   0.0011007677   0.0011007127   0.0010477953   0.0010477429   0.0011198622   0.0011198062
            950   0.0015313386   0.0010827657   0.0010425984  0.00073738138   0.0023337205   0.0016507732
            955  0.00076566929    0.000765631   0.0004643504  0.00046432719   0.0013251969   0.0013251306
            960   0.0022971063   0.0013261686   0.0016419685  0.00094939928   0.0033236811   0.0019228974
            965   0.0030629133   0.0015313801   0.0021320079   0.0010733304   0.0045825787   0.0023154194
            970 -0.00076566929    0.000765631   -0.002030315   0.0020302134  -0.0001878307  0.00018782131
            975              0              0              0              0              0              0
            980  0.00076564962  0.00076561133  0.00047472439  0.00047470066   0.0012966141   0.0012965493
            985    0.000766063   0.0013263391  -0.0003911438   0.0020307521    0.001124941   0.0011451346
            990 -0.00076566929    0.000765631  -0.0014573621   0.0014572893  -0.0004116929  0.00041167232
            995              0   0.0010827936 -0.00073604332   0.0017456378   0.0002880906  0.00075576557
           1000              0   0.0010827936 -0.00073604332   0.0017456378   0.0002880906  0.00075576557
