#   y_bbZ-ptj20        central        num_err    min (scale)        num_err    max (scale)        num_err
             -5    0.035665354    0.035663571    0.021301181    0.021300116    0.063003938    0.063000787
           -4.9    0.040385829    0.065787098    0.017659455     0.10153724    0.052063977     0.06668403
           -4.8     0.23473033     0.16743742      0.1869439     0.13165303     0.29890453     0.21936294
           -4.7       3.168188     0.84208441      2.4950591     0.71587847      4.1307017     0.99653895
           -4.6      5.3316201     0.73021684      4.2721181     0.60388594      6.7306703     0.89614061
           -4.5      14.865391      1.3535545      11.779518      1.1168982      19.135815      1.6656899
           -4.4      27.059785      1.5642265      21.697646      1.2586064      34.265778       2.054349
           -4.3      54.685622      3.2788207      44.363682       2.780023      68.177738      3.9656562
           -4.2      95.081525      5.4826519      77.019672      4.6607635      118.69794      6.2661767
           -4.1      167.19352      5.8079425      136.20972      5.2328362      207.65648      6.2742438
             -4      233.93023      4.5901352      190.69549      3.8811196      291.25643      5.6091544
           -3.9      344.01643      5.4799758      280.77962      4.6108028      427.50675      6.7277234
           -3.8      470.28308      6.6359488      385.67156      5.8331182      580.81858      7.8100131
           -3.7      618.81327      7.3638175      506.95416      6.2296216      766.50258      9.0040419
           -3.6      786.85798      8.1571374      645.02289      6.8759187      975.10483      10.043529
           -3.5      999.03982      9.4389245      819.71138       8.045909      1234.8802      11.445772
           -3.4      1206.0778      11.112806      990.09876      9.4308199      1491.1663       13.78692
           -3.3      1422.6382      10.901014      1168.4258      9.2936287      1757.1319       13.21563
           -3.2      1653.8436      12.738909      1358.2476      11.127607      2044.1988      15.178699
           -3.1      1919.8676      13.414007      1578.8233       11.44194      2369.9154       16.51821
             -3       2146.981      13.664092      1763.2098      11.640136      2655.2271       16.58036
           -2.9       2376.576      14.098453      1952.3949      12.025171      2934.9345       17.47911
           -2.8      2614.2693      15.800075       2148.504      13.561326      3232.6055       19.18148
           -2.7      2848.1678      16.896649      2343.1371      14.525152      3504.9022      21.068005
           -2.6      3068.1887      17.622217      2521.1529      15.003659      3791.0402      21.565248
           -2.5      3302.8966       21.83867       2719.379      19.054495      4071.3854      25.501085
           -2.4      3482.4556      20.258211      2864.1692      17.090371      4299.6594      25.022822
           -2.3      3673.4089      20.241944        3022.81       17.59763      4530.6051        23.9006
           -2.2      3835.9689      20.938547      3156.4891      18.049184      4738.5978      25.716562
           -2.1      3971.2669      18.992516      3262.2924       16.23903      4907.4351      23.035362
             -2      4139.1613      20.478661      3407.7543      17.634363      5099.3479      24.600345
           -1.9      4283.8909      22.090055      3524.2607      18.924635      5297.8563      27.549515
           -1.8      4411.8432      22.494494      3635.4982      19.669893      5434.2743      26.402436
           -1.7      4520.3653      22.215247      3718.5526      19.538791      5580.9422      25.967898
           -1.6      4608.7774      23.853322      3799.0082      20.915871      5676.3195      27.961866
           -1.5       4707.646      23.888569       3879.827      20.756728      5798.7409       28.15006
           -1.4      4778.2565      22.380592      3933.3876      18.980732      5904.2178      28.258563
           -1.3      4888.7298      26.427896      4030.6612      23.168469      6018.9814      31.093411
           -1.2      4913.4788      23.169569       4047.978      20.043898      6055.0843      27.919878
           -1.1      4941.4691      24.563666      4070.5936      21.503615      6090.7582      29.203031
             -1      5002.1674      24.851031      4119.7098      21.431155      6168.8633      29.717139
           -0.9      5080.0488      25.891229      4185.8989      22.185541      6261.4346      31.294008
           -0.8      5022.7234      22.402916      4135.4658      19.566147      6194.0167      26.454791
           -0.7      5073.2002      23.389423      4175.0465      20.237532      6259.9384      27.918995
           -0.6       5104.149      27.091839      4203.9971      23.881967      6298.6804      32.666857
           -0.5      5167.2502      25.180523      4253.6423      22.082489      6377.5929      29.386551
           -0.4      5160.5957       28.33946       4251.429      24.751291      6359.1167      33.311065
           -0.3      5139.1052      25.405087      4227.9968      22.212204      6345.1605      29.805209
           -0.2      5166.9207      26.776017      4252.5705      23.362448      6380.3178      31.402186
           -0.1       5196.818      27.047076      4281.3055      23.452744      6402.5447      32.026428
              0      5164.8349      25.945618      4255.1021      22.946293      6361.7074      30.252061
            0.1      5113.3954      24.643431      4211.2014      21.614104      6306.2551      29.101301
            0.2       5136.764      27.372801      4230.9663      24.171897      6333.5781      31.595488
            0.3      5116.4148      26.799729      4209.8284      22.978911      6320.0736       32.39174
            0.4       5127.273      24.974574      4222.3041      22.076823      6326.7711      29.610149
            0.5      5074.3746      24.644493      4182.4586       21.74289      6250.4529      29.091688
            0.6      5054.1913      24.124206      4162.4229      20.780587      6232.4789       29.34106
            0.7      5072.8808      25.208099      4176.8407      21.883243      6260.4785       29.92856
            0.8      5015.6427      24.872862      4132.9169      21.623832      6175.8367      29.999938
            0.9      4946.1326       23.81468      4074.8772      20.585552       6095.264      28.400132
              1      4933.0419      27.636808      4057.1729      23.774769      6092.2726      33.169174
            1.1      4849.2684      23.912834      3989.3481      20.664401      5988.7303      28.380971
            1.2      4835.2054      23.629435      3982.1891      20.576571      5966.0515      28.403538
            1.3       4754.378      24.073846      3916.3875      20.843493      5860.3746      28.710619
            1.4      4674.3448      22.552424      3842.9815      19.285947      5775.7607      27.240287
            1.5      4596.7122      23.302835      3783.7399       20.06444      5674.5066      28.472513
            1.6       4530.291      25.523216      3732.2623      22.294084      5581.1616      29.964269
            1.7      4379.1118      21.605815      3604.2888      18.714741      5398.1422      25.773646
            1.8      4276.1985      22.829953      3518.3679      19.605679      5277.5409      27.425564
            1.9       4143.207      22.957504      3406.9221      20.024542      5116.5556      26.950367
              2      4015.2198      20.221612      3305.7286      17.400825       4951.284      24.426252
            2.1       3868.037       20.12712      3180.6387      17.456996      4775.0305      24.300588
            2.2      3656.0685      19.918338      3004.8837      17.096024      4514.7327      24.084442
            2.3      3475.6273      21.263847      2857.2561      18.627381      4293.2106      24.802841
            2.4      3287.0144      19.645961      2702.4731       16.98541      4058.2238      23.410866
            2.5      3083.5623       17.40457       2534.972      15.193617       3808.177      20.651879
            2.6      2869.2534      19.489986      2359.3912      17.212725      3540.6584      22.528336
            2.7      2622.6529      17.326125      2156.9751      15.135626      3234.5517       20.37923
            2.8      2404.6066      15.811728      1977.0644      13.596115      2970.1115      18.983584
            2.9      2141.2132       15.63713      1760.3735      13.373937      2643.0516      19.295837
              3      1897.2204      15.321539      1559.0139      13.888214      2342.8309      17.778667
            3.1      1676.9756      11.974326      1377.2166      10.261913      2071.2341      14.577955
            3.2      1424.5435      13.675738      1169.5328      11.385119      1757.2797      17.303547
            3.3      1211.0532      10.568664      994.63888      9.0119134      1495.1103      13.042438
            3.4      984.03858      9.3734006      806.38592      8.0134912      1217.5608      11.467537
            3.5      802.83563      8.5867384      659.45631      7.3841725        990.318      10.281653
            3.6      615.39046      7.3972908      502.25977      6.2807463      766.63402      8.9748563
            3.7      465.17078        6.40327      380.19611      5.4292536      578.14874      7.8270516
            3.8      340.85699      5.3951559      278.79969      4.5431963      422.77608      6.5948931
            3.9      230.54221      4.3275708      186.98864      3.5857626      288.66521      5.4228983
              4      161.09215      4.2623776      131.96218        3.70754      198.14781      5.1166147
            4.1      92.188965      2.8284304      74.563872      2.3559841      115.73488        3.52522
            4.2       53.37739      2.3015537      43.187074       1.945687      66.704465      2.7981775
            4.3       28.23722      1.5449246      22.583859      1.2837504      35.841305      2.0316545
            4.4       11.63075      1.1961465      9.2879493     0.98034421      14.790906      1.5596092
            4.5      6.0113789     0.82476298      4.7664734     0.69921422      7.6974252     0.97932375
            4.6      2.0423327     0.42403173      1.5779811     0.33751922      2.6936821     0.55476014
            4.7     0.25658661     0.11854153      0.1800315    0.085711379      0.3862687     0.17341262
            4.8    0.045306102    0.061512748    0.029480314    0.040290547    0.075964568     0.10111856
            4.9   -0.031923226     0.03192163   -0.056854331    0.056851488   -0.019067912     0.01906696
              5   -0.031923226     0.03192163   -0.056854331    0.056851488   -0.019067912     0.01906696
