#   y_bbZ-ptj60        central        num_err    min (scale)        num_err    max (scale)        num_err
             -5              0              0              0              0              0              0
           -4.9              0              0              0              0              0              0
           -4.8              0              0              0              0              0              0
           -4.7    0.074510826    0.052684633    0.045144686    0.031922871     0.12917914    0.091339523
           -4.6     0.15420866    0.094372121     0.10352067    0.059106893     0.23910727     0.16459186
           -4.5     0.46116044     0.15395267     0.31802657      0.1055793     0.70425492     0.24100472
           -4.4      1.0561053     0.23714682      0.7450059     0.17246805      1.5669803     0.34583876
           -4.3      2.4862136     0.33311087      1.7771142     0.23732448      3.6150364     0.50053153
           -4.2      6.9005619      1.1175247       5.181747      0.9651167      9.5013061       1.315271
           -4.1      10.174363     0.70709829      7.5628233     0.53578718      14.159118      1.0001945
             -4      18.015322     0.94920151      13.465142     0.70630527      24.955239      1.3674316
           -3.9      32.926437      1.2586124      24.884886     0.95653188      44.910145       1.783766
           -3.8      49.744649      1.6012449      38.278626      1.2460987      66.302762      2.2526264
           -3.7      71.030252      1.8797216      54.728055       1.471109      94.536456      2.6891554
           -3.6      105.06758      2.2509633      81.307597      1.7418257      139.20085      3.1401578
           -3.5       144.9567      2.7620379      112.71162      2.1871682      191.09273      3.7490002
           -3.4      189.02006      3.0536838      146.98332      2.4050115      249.18501      4.2498506
           -3.3      246.81189      3.5846825      192.39266      2.8214533      324.28943      4.8723523
           -3.2       305.8077      3.8256164      238.91531      2.9895523      400.79611      5.1886989
           -3.1      379.73589      4.7074532      297.25801      3.5643434      496.69828      6.6949617
             -3      456.79901       4.902156      359.98815      3.9209249      592.09778      6.5475099
           -2.9      531.21506      5.2118816      418.84329      4.1396181      688.27515      6.9878429
           -2.8       606.5628      5.6264929       479.5568      4.4917402      783.41655      7.5343471
           -2.7      703.12368      6.3823311      558.53456      5.1149925      902.01146      8.4826657
           -2.6       803.5436       7.795808      637.95949      6.1466664      1032.2405      10.616342
           -2.5      874.42884      7.0822926      696.05852      5.6435743      1119.2065      9.3013847
           -2.4      969.54121      7.7055642      772.50815      6.2239455      1239.8502      10.091936
           -2.3      1036.6994      9.0537089       827.5762      7.5230701      1321.9807      11.353962
           -2.2      1120.7144      8.9781395      895.45846      7.2817212      1427.8578      11.561469
           -2.1      1185.8516      7.7859134      947.86473      6.2535418      1509.6632      10.234883
             -2      1290.1008      9.2169087      1033.1151      7.5218382      1638.1759      11.818854
           -1.9       1369.766      11.290959      1097.9908      8.9827407      1742.8024      15.849554
           -1.8      1419.1156      10.091705      1139.8317      8.2143708      1794.9775       12.99224
           -1.7      1469.6939      9.9483841      1177.2509      8.0730877      1865.3432       12.78859
           -1.6      1514.8233       10.57556      1218.2198      8.6621323      1912.3165      13.632925
           -1.5      1572.8007      10.524067      1265.8703      8.4715279      1983.3005      13.882953
           -1.4      1613.8722      12.115088      1297.6188      9.9571911      2037.5812      15.484809
           -1.3      1657.4044      11.128396      1332.7524      9.3498082       2091.978      13.937485
           -1.2        1701.33      11.556792      1370.5372      9.7247384      2142.1848      14.581077
           -1.1      1707.0242      11.130821      1375.6097      9.3033916      2147.7861      14.418462
             -1      1739.5751      13.610747       1400.356      11.324705      2192.7663       17.00809
           -0.9      1777.5794       12.81789      1431.0169      10.301685       2240.256      16.764186
           -0.8       1761.277      11.047216      1414.0978      9.0816582      2226.5737      14.033394
           -0.7      1797.7891      12.222998      1444.6096      10.001878      2270.1797      15.663708
           -0.6      1784.8253      11.531344      1435.2478      10.129349      2251.8806      15.714406
           -0.5      1811.4808      11.227549       1455.675      9.1993809      2286.9642      14.389753
           -0.4      1822.5257      12.799133      1464.1123      10.449971      2301.1946      16.366548
           -0.3      1815.6994      12.343916      1458.0031      10.227969       2293.734      15.468215
           -0.2       1821.167      11.923196      1463.1591      9.8730267      2299.4709      15.023487
           -0.1      1844.1866      11.581971      1482.6294      9.3591979      2325.9491      15.190097
              0      1802.6385      11.146075      1447.9344      9.0912827      2276.3816      14.622953
            0.1       1805.565      10.757817       1449.905      8.9070205      2280.8827       13.61463
            0.2      1806.7729      11.621746      1451.3794      9.3868612      2281.6692      15.120027
            0.3      1806.4941      13.922724      1452.8674      11.302497      2278.0507      18.156109
            0.4      1804.9762      10.867559      1449.5014      8.8640157      2280.4154      13.973011
            0.5       1784.249      10.491962      1434.3167      8.6348549      2250.5655      13.679306
            0.6      1770.5799      11.580557      1423.1713      9.2006378      2234.3646      15.699271
            0.7      1757.4072      10.852674      1410.7826      8.8992653      2222.4496      13.866414
            0.8       1740.552      11.773374      1399.7208      9.6310441      2195.5288      15.657701
            0.9      1735.0135      12.316574      1397.5454      10.170897      2184.0274      15.764215
              1      1710.5221      13.280587      1373.9855      11.060219      2161.3453      17.471568
            1.1      1683.4877      12.213308      1353.7149      10.008886      2124.9218      15.485784
            1.2      1656.7199      11.734359      1331.8929      9.8373417      2093.9315      14.814709
            1.3      1607.2593      11.918101      1293.8118      9.8968708      2026.8277      14.977571
            1.4      1561.5679       10.84747      1255.8175       8.648194      1971.3519      14.373103
            1.5      1518.5165       11.58762      1220.2113      9.4194844      1922.0095      15.559962
            1.6      1465.0464      12.572907      1177.1905       10.54356      1852.3792      15.567391
            1.7      1397.2005      8.7413428      1120.4614      7.1206484      1770.7079      11.493067
            1.8      1359.4653      11.422481      1089.3505      9.2341978      1724.9031      14.754042
            1.9      1269.4818      8.6485054      1016.6744      7.0471122      1612.4465      11.084982
              2      1204.1805      8.2119948      964.21073      6.6749024      1529.4818      10.766009
            2.1      1130.8288      8.0576409      905.45898      6.7580428       1436.367      11.115692
            2.2      1035.9397      7.4821725      826.22007      6.0423275      1322.8285      9.7823699
            2.3      961.30495       9.310189      768.65112      7.9035985      1224.3476      11.353984
            2.4      881.48924      7.8730213       701.6801      6.2015389      1128.4076      10.797778
            2.5      786.09037      6.7052444      623.83998      5.4279904      1010.4348      8.7631998
            2.6      701.36941      5.9837744      555.90648      4.7848828      902.50128      7.9367103
            2.7        607.133      5.6092625      480.98697      4.4697283      781.62599      7.5411714
            2.8      544.81231      5.4442924      428.34166      4.2645376      708.89301      7.4089791
            2.9      447.55406      4.8064254      353.94353      3.8338515      577.21244      6.5701015
              3      370.03895      4.3348226      289.67683      3.4338217      483.59349      5.8360171
            3.1      306.42141      3.9061331      240.57834      3.1543039      398.87632      5.3481674
            3.2      246.80772      3.5023839      191.90154      2.7211531       324.8269      4.8395152
            3.3      191.74589      3.0815118      149.39836      2.5696211      251.88835      4.6219785
            3.4      145.10009      3.1554747      111.96474      2.5277148      193.44019      4.1924849
            3.5      105.21967       2.269581      81.094401      1.7409705      140.18004      3.1575047
            3.6      75.437244      1.9070578      57.423682      1.4628974      102.03965       2.665331
            3.7       49.80554      1.5197279      37.790001      1.1440583      67.588261      2.1563959
            3.8      30.803835      1.2991671      23.379804     0.99869865       41.70473      1.8117828
            3.9      19.025908     0.94143547      14.105877     0.70103809      26.628951      1.3614602
              4       8.669627     0.64281145      6.3668618     0.45768794        12.2442     0.98329924
            4.1      4.9321093     0.47820531      3.6838671      0.3512296      6.7815472     0.69786519
            4.2      2.4902126      0.3420989      1.8162953     0.24249244      3.5328671     0.52039028
            4.3       1.130003      0.2350745     0.80380512     0.17488876      1.6682953     0.33731288
            4.4     0.58476574     0.20286709     0.40174901     0.14749538     0.90615256     0.29484734
            4.5    0.039475392    0.039473418    0.030931103    0.030929556    0.051251968    0.051249405
            4.6    0.076669291    0.054210731     0.02828868    0.022703877     0.17073327     0.12228043
            4.7              0              0              0              0              0              0
            4.8              0              0              0              0              0              0
            4.9              0              0              0              0              0              0
              5              0              0              0              0              0              0
