# dy_bbZ-j1-ptj        central        num_err    min (scale)        num_err    max (scale)        num_err
# 30
             -8      2.4048041     0.34776383      2.4048041     0.34776383      2.4048041     0.34776383
           -7.9      1.6447342     0.30693382      1.6447342     0.30693382      1.6447342     0.30693382
           -7.8       2.538875     0.36253405       2.538875     0.36253405       2.538875     0.36253405
           -7.7      3.4859387     0.42653407      3.4859387     0.42653407      3.4859387     0.42653407
           -7.6      4.6149925     0.49165989      4.6149925     0.49165989      4.6149925     0.49165989
           -7.5       5.307423     0.51166225       5.307423     0.51166225       5.307423     0.51166225
           -7.4      5.5592155     0.54012709      5.5592155     0.54012709      5.5592155     0.54012709
           -7.3      6.5450502     0.55640852      6.5450502     0.55640852      6.5450502     0.55640852
           -7.2      7.0540876     0.59842683      7.0540876     0.59842683      7.0540876     0.59842683
           -7.1      9.5265896     0.84149883      9.5265896     0.84149883      9.5265896     0.84149883
             -7      11.070725     0.73889085      11.070725     0.73889085      11.070725     0.73889085
           -6.9      12.819255      0.8209537      12.819255      0.8209537      12.819255      0.8209537
           -6.8      16.028523     0.91278688      16.028523     0.91278688      16.028523     0.91278688
           -6.7      18.516048      0.9726105      18.516048      0.9726105      18.516048      0.9726105
           -6.6      21.119578      1.0539704      21.119578      1.0539704      21.119578      1.0539704
           -6.5      25.449359      1.0873229      25.449359      1.0873229      25.449359      1.0873229
           -6.4      28.393803      1.1625905      28.393803      1.1625905      28.393803      1.1625905
           -6.3      31.213914      1.2352994      31.213914      1.2352994      31.213914      1.2352994
           -6.2      33.192738      1.3393528      33.192738      1.3393528      33.192738      1.3393528
           -6.1      41.045531      1.4118111      41.045531      1.4118111      41.045531      1.4118111
             -6      45.859487      1.4921614      45.859487      1.4921614      45.859487      1.4921614
           -5.9      51.786072      1.5380483      51.786072      1.5380483      51.786072      1.5380483
           -5.8      60.749987      1.6805434      60.749987      1.6805434      60.749987      1.6805434
           -5.7      68.276822       1.830637      68.276822       1.830637      68.276822       1.830637
           -5.6      77.484819      1.9012591      77.484819      1.9012591      77.484819      1.9012591
           -5.5      84.143741      1.9761085      84.143741      1.9761085      84.143741      1.9761085
           -5.4       102.0338      2.1780749       102.0338      2.1780749       102.0338      2.1780749
           -5.3      113.59414      2.2630603      113.59414      2.2630603      113.59414      2.2630603
           -5.2      125.01192      2.3715232      125.01192      2.3715232      125.01192      2.3715232
           -5.1      138.49725      2.6368352      138.49725      2.6368352      138.49725      2.6368352
             -5      161.02172      2.6328878      161.02172      2.6328878      161.02172      2.6328878
           -4.9      183.71756      2.8188813      183.71756      2.8188813      183.71756      2.8188813
           -4.8       199.4557      2.9254226       199.4557      2.9254226       199.4557      2.9254226
           -4.7      216.78679      3.0922882      216.78679      3.0922882      216.78679      3.0922882
           -4.6       242.5959      3.2581564       242.5959      3.2581564       242.5959      3.2581564
           -4.5      272.60794      3.4044732      272.60794      3.4044732      272.60794      3.4044732
           -4.4      306.70976      3.7212436      306.70976      3.7212436      306.70976      3.7212436
           -4.3      331.25995       3.702988      331.25995       3.702988      331.25995       3.702988
           -4.2      356.62415      3.8470995      356.62415      3.8470995      356.62415      3.8470995
           -4.1      394.18385      4.0138529      394.18385      4.0138529      394.18385      4.0138529
             -4      440.41818      4.2638703      440.41818      4.2638703      440.41818      4.2638703
           -3.9      480.73975      4.4678782      480.73975      4.4678782      480.73975      4.4678782
           -3.8      524.61793       4.627658      524.61793       4.627658      524.61793       4.627658
           -3.7      559.92113      4.8816177      559.92113      4.8816177      559.92113      4.8816177
           -3.6      618.31215      5.0811215      618.31215      5.0811215      618.31215      5.0811215
           -3.5      669.29238      5.2075129      669.29238      5.2075129      669.29238      5.2075129
           -3.4      727.32319       5.426989      727.32319       5.426989      727.32319       5.426989
           -3.3      782.41822      5.6447003      782.41822      5.6447003      782.41822      5.6447003
           -3.2      855.17705      5.9360683      855.17705      5.9360683      855.17705      5.9360683
           -3.1      911.14016      6.0971473      911.14016      6.0971473      911.14016      6.0971473
             -3      977.88021      6.3290407      977.88021      6.3290407      977.88021      6.3290407
           -2.9      1047.9565      6.5714006      1047.9565      6.5714006      1047.9565      6.5714006
           -2.8      1110.1253      6.7461348      1110.1253      6.7461348      1110.1253      6.7461348
           -2.7      1198.6304      6.9103693      1198.6304      6.9103693      1198.6304      6.9103693
           -2.6      1277.7144      7.2493697      1277.7144      7.2493697      1277.7144      7.2493697
           -2.5      1346.6438      7.4073476      1346.6438      7.4073476      1346.6438      7.4073476
           -2.4      1432.5285      7.6524106      1432.5285      7.6524106      1432.5285      7.6524106
           -2.3      1517.8184      7.7431928      1517.8184      7.7431928      1517.8184      7.7431928
           -2.2      1599.3019      8.0056187      1599.3019      8.0056187      1599.3019      8.0056187
           -2.1      1690.1976      8.1648781      1690.1976      8.1648781      1690.1976      8.1648781
             -2      1745.3287      8.3563374      1745.3287      8.3563374      1745.3287      8.3563374
           -1.9      1845.1687      8.5363319      1845.1687      8.5363319      1845.1687      8.5363319
           -1.8      1921.6748      8.6689403      1921.6748      8.6689403      1921.6748      8.6689403
           -1.7      2001.8749      8.8647759      2001.8749      8.8647759      2001.8749      8.8647759
           -1.6      2077.6798      8.9898639      2077.6798      8.9898639      2077.6798      8.9898639
           -1.5        2144.89      9.2472335        2144.89      9.2472335        2144.89      9.2472335
           -1.4      2209.9043      9.2860058      2209.9043      9.2860058      2209.9043      9.2860058
           -1.3      2289.0123      9.4162963      2289.0123      9.4162963      2289.0123      9.4162963
           -1.2      2352.2576      9.7607464      2352.2576      9.7607464      2352.2576      9.7607464
           -1.1      2419.6616      9.7303379      2419.6616      9.7303379      2419.6616      9.7303379
             -1       2464.017      9.8031758       2464.017      9.8031758       2464.017      9.8031758
           -0.9       2530.243      9.9116805       2530.243      9.9116805       2530.243      9.9116805
           -0.8      2567.9127      9.9331275      2567.9127      9.9331275      2567.9127      9.9331275
           -0.7      2612.4432      10.028425      2612.4432      10.028425      2612.4432      10.028425
           -0.6      2641.5537      10.061175      2641.5537      10.061175      2641.5537      10.061175
           -0.5      2623.3004      10.003948      2623.3004      10.003948      2623.3004      10.003948
           -0.4      2583.2362      9.9509646      2583.2362      9.9509646      2583.2362      9.9509646
           -0.3      2565.9161      9.9326861      2565.9161      9.9326861      2565.9161      9.9326861
           -0.2      2532.7075       9.851657      2532.7075       9.851657      2532.7075       9.851657
           -0.1      2535.7363      9.8564095      2535.7363      9.8564095      2535.7363      9.8564095
              0      2539.4978      9.8720133      2539.4978      9.8720133      2539.4978      9.8720133
            0.1      2536.2805      9.9293687      2536.2805      9.9293687      2536.2805      9.9293687
            0.2      2577.9117      9.9485193      2577.9117      9.9485193      2577.9117      9.9485193
            0.3      2589.6814       9.992115      2589.6814       9.992115      2589.6814       9.992115
            0.4      2621.5969      10.030614      2621.5969      10.030614      2621.5969      10.030614
            0.5      2625.7095      10.059387      2625.7095      10.059387      2625.7095      10.059387
            0.6      2601.0326       9.987804      2601.0326       9.987804      2601.0326       9.987804
            0.7      2573.7121      10.039956      2573.7121      10.039956      2573.7121      10.039956
            0.8      2531.4533      9.9216571      2531.4533      9.9216571      2531.4533      9.9216571
            0.9      2475.6062      9.8107202      2475.6062      9.8107202      2475.6062      9.8107202
              1      2410.8478      9.6364827      2410.8478      9.6364827      2410.8478      9.6364827
            1.1      2363.2879      9.5546859      2363.2879      9.5546859      2363.2879      9.5546859
            1.2      2272.2976      9.4089473      2272.2976      9.4089473      2272.2976      9.4089473
            1.3       2236.083      9.3072482       2236.083      9.3072482       2236.083      9.3072482
            1.4       2159.153      9.2194806       2159.153      9.2194806       2159.153      9.2194806
            1.5       2076.513        9.01973       2076.513        9.01973       2076.513        9.01973
            1.6      2000.1682      8.8421688      2000.1682      8.8421688      2000.1682      8.8421688
            1.7      1936.6862      8.7753228      1936.6862      8.7753228      1936.6862      8.7753228
            1.8      1834.7522      8.5247406      1834.7522      8.5247406      1834.7522      8.5247406
            1.9      1763.5653       8.368286      1763.5653       8.368286      1763.5653       8.368286
              2      1663.0495      8.1860463      1663.0495      8.1860463      1663.0495      8.1860463
            2.1      1606.9904      7.9886738      1606.9904      7.9886738      1606.9904      7.9886738
            2.2      1518.9652      7.8145788      1518.9652      7.8145788      1518.9652      7.8145788
            2.3      1422.7735       7.542692      1422.7735       7.542692      1422.7735       7.542692
            2.4       1349.758      7.3666914       1349.758      7.3666914       1349.758      7.3666914
            2.5      1264.6135      7.2768781      1264.6135      7.2768781      1264.6135      7.2768781
            2.6      1201.8876       7.450497      1201.8876       7.450497      1201.8876       7.450497
            2.7      1132.5712      7.0987329      1132.5712      7.0987329      1132.5712      7.0987329
            2.8      1058.7653      6.6439032      1058.7653      6.6439032      1058.7653      6.6439032
            2.9      977.31008       6.327379      977.31008       6.327379      977.31008       6.327379
              3      905.60053      6.1041005      905.60053      6.1041005      905.60053      6.1041005
            3.1      844.69803      5.8699809      844.69803      5.8699809      844.69803      5.8699809
            3.2      790.34455      5.7985196      790.34455      5.7985196      790.34455      5.7985196
            3.3      730.25271      5.6104554      730.25271      5.6104554      730.25271      5.6104554
            3.4      665.97841      5.2048127      665.97841      5.2048127      665.97841      5.2048127
            3.5      612.49011       5.742546      612.49011       5.742546      612.49011       5.742546
            3.6      571.49947      4.8501668      571.49947      4.8501668      571.49947      4.8501668
            3.7      524.90019      4.6269668      524.90019      4.6269668      524.90019      4.6269668
            3.8      475.51438      4.3956774      475.51438      4.3956774      475.51438      4.3956774
            3.9      433.71086      4.2166528      433.71086      4.2166528      433.71086      4.2166528
              4       395.7084      4.0342738       395.7084      4.0342738       395.7084      4.0342738
            4.1      370.14121      4.1318323      370.14121      4.1318323      370.14121      4.1318323
            4.2      327.85295      3.7234466      327.85295      3.7234466      327.85295      3.7234466
            4.3      295.11503      3.5130434      295.11503      3.5130434      295.11503      3.5130434
            4.4      271.59323      3.3664697      271.59323      3.3664697      271.59323      3.3664697
            4.5       240.7736      3.1859853       240.7736      3.1859853       240.7736      3.1859853
            4.6      216.99577      3.0358985      216.99577      3.0358985      216.99577      3.0358985
            4.7      193.27508      2.8423872      193.27508      2.8423872      193.27508      2.8423872
            4.8      174.01704      2.7127045      174.01704      2.7127045      174.01704      2.7127045
            4.9      161.52569      2.6450402      161.52569      2.6450402      161.52569      2.6450402
              5      140.36599      2.5282628      140.36599      2.5282628      140.36599      2.5282628
            5.1      125.34492      2.4119248      125.34492      2.4119248      125.34492      2.4119248
            5.2      114.40634      2.2285691      114.40634      2.2285691      114.40634      2.2285691
            5.3      101.01932       2.109417      101.01932       2.109417      101.01932       2.109417
            5.4      91.803969      2.0220894      91.803969      2.0220894      91.803969      2.0220894
            5.5       77.97305      1.8755342       77.97305      1.8755342       77.97305      1.8755342
            5.6      66.807581      1.7729904      66.807581      1.7729904      66.807581      1.7729904
            5.7      63.636933      1.7133775      63.636933      1.7133775      63.636933      1.7133775
            5.8      52.168362      1.5606964      52.168362      1.5606964      52.168362      1.5606964
            5.9      43.233722      1.4183064      43.233722      1.4183064      43.233722      1.4183064
              6      42.477369      1.4667082      42.477369      1.4667082      42.477369      1.4667082
            6.1      36.491503       1.356962      36.491503       1.356962      36.491503       1.356962
            6.2      33.427287       1.264922      33.427287       1.264922      33.427287       1.264922
            6.3      28.772653      1.1640873      28.772653      1.1640873      28.772653      1.1640873
            6.4      23.146045      1.0878942      23.146045      1.0878942      23.146045      1.0878942
            6.5      20.868045      1.0418049      20.868045      1.0418049      20.868045      1.0418049
            6.6      17.028103     0.89470763      17.028103     0.89470763      17.028103     0.89470763
            6.7      13.971752     0.85725064      13.971752     0.85725064      13.971752     0.85725064
            6.8      13.069823     0.83695108      13.069823     0.83695108      13.069823     0.83695108
            6.9      11.180439      0.7450103      11.180439      0.7450103      11.180439      0.7450103
              7      8.3039783     0.60376846      8.3039783     0.60376846      8.3039783     0.60376846
            7.1      7.6773232     0.64864077      7.6773232     0.64864077      7.6773232     0.64864077
            7.2      6.0082008     0.57388934      6.0082008     0.57388934      6.0082008     0.57388934
            7.3      5.7667708     0.53800526      5.7667708     0.53800526      5.7667708     0.53800526
            7.4      5.0035404      0.5308287      5.0035404      0.5308287      5.0035404      0.5308287
            7.5      4.4777687     0.49333238      4.4777687     0.49333238      4.4777687     0.49333238
            7.6       3.451062     0.38909534       3.451062     0.38909534       3.451062     0.38909534
            7.7      3.7103356     0.46130087      3.7103356     0.46130087      3.7103356     0.46130087
            7.8      1.9737362     0.35533179      1.9737362     0.35533179      1.9737362     0.35533179
            7.9      2.1674606     0.31494236      2.1674606     0.31494236      2.1674606     0.31494236
              8      2.1674606     0.31494236      2.1674606     0.31494236      2.1674606     0.31494236
