# pt_bb-mbbZ150        central        num_err    min (scale)        num_err    max (scale)        num_err
              0      333.02532     0.56912788      333.02532     0.56912788      333.02532     0.56912788
              5       670.5432     0.77305942       670.5432     0.77305942       670.5432     0.77305942
             10      619.95227     0.72093126      619.95227     0.72093126      619.95227     0.72093126
             15      464.84687     0.61535803      464.84687     0.61535803      464.84687     0.61535803
             20      324.38265     0.50754335      324.38265     0.50754335      324.38265     0.50754335
             25      218.05505     0.41266353      218.05505     0.41266353      218.05505     0.41266353
             30      142.95946     0.33321207      142.95946     0.33321207      142.95946     0.33321207
             35      91.411389     0.26557991      91.411389     0.26557991      91.411389     0.26557991
             40      55.817015     0.20750083      55.817015     0.20750083      55.817015     0.20750083
             45      32.278819     0.15799749      32.278819     0.15799749      32.278819     0.15799749
             50      18.391465       0.119443      18.391465       0.119443      18.391465       0.119443
             55      11.228816     0.09395888      11.228816     0.09395888      11.228816     0.09395888
             60      7.4384096    0.076587609      7.4384096    0.076587609      7.4384096    0.076587609
             65      4.6897637    0.061506865      4.6897637    0.061506865      4.6897637    0.061506865
             70      3.3213436    0.051309478      3.3213436    0.051309478      3.3213436    0.051309478
             75      2.2574697    0.042749275      2.2574697    0.042749275      2.2574697    0.042749275
             80      1.5392736    0.035962485      1.5392736    0.035962485      1.5392736    0.035962485
             85      1.1090554    0.030058488      1.1090554    0.030058488      1.1090554    0.030058488
             90     0.82758913    0.026002145     0.82758913    0.026002145     0.82758913    0.026002145
             95     0.64407084    0.023002942     0.64407084    0.023002942     0.64407084    0.023002942
            100     0.46632852    0.019673852     0.46632852    0.019673852     0.46632852    0.019673852
            105     0.31456573    0.016539293     0.31456573    0.016539293     0.31456573    0.016539293
            110     0.23717766    0.014260368     0.23717766    0.014260368     0.23717766    0.014260368
            115     0.15541492    0.012086459     0.15541492    0.012086459     0.15541492    0.012086459
            120     0.13916442    0.010802796     0.13916442    0.010802796     0.13916442    0.010802796
            125     0.11057726   0.0099561626     0.11057726   0.0099561626     0.11057726   0.0099561626
            130    0.074454862   0.0077531654    0.074454862   0.0077531654    0.074454862   0.0077531654
            135    0.065535846   0.0072381046    0.065535846   0.0072381046    0.065535846   0.0072381046
            140    0.054949074   0.0065314329    0.054949074   0.0065314329    0.054949074   0.0065314329
            145    0.040256673   0.0061954736    0.040256673   0.0061954736    0.040256673   0.0061954736
            150    0.030272716   0.0053692075    0.030272716   0.0053692075    0.030272716   0.0053692075
            155    0.023644882   0.0045229976    0.023644882   0.0045229976    0.023644882   0.0045229976
            160    0.028033287   0.0048632665    0.028033287   0.0048632665    0.028033287   0.0048632665
            165    0.017595925   0.0042608713    0.017595925   0.0042608713    0.017595925   0.0042608713
            170    0.015058996   0.0037032618    0.015058996   0.0037032618    0.015058996   0.0037032618
            175    0.015142342   0.0033878668    0.015142342   0.0033878668    0.015142342   0.0033878668
            180   0.0098946062   0.0034557769   0.0098946062   0.0034557769   0.0098946062   0.0034557769
            185   0.0090427361   0.0026133219   0.0090427361   0.0026133219   0.0090427361   0.0026133219
            190   0.0084225984    0.002539382   0.0084225984    0.002539382   0.0084225984    0.002539382
            195   0.0052434843   0.0022594098   0.0052434843   0.0022594098   0.0052434843   0.0022594098
            200   0.0067780117   0.0025079754   0.0067780117   0.0025079754   0.0067780117   0.0025079754
            205    0.007656929   0.0024212125    0.007656929   0.0024212125    0.007656929   0.0024212125
            210   0.0015313779   0.0010827936   0.0015313779   0.0010827936   0.0015313779   0.0010827936
            215   0.0044488582   0.0018181035   0.0044488582   0.0018181035   0.0044488582   0.0018181035
            220  -0.0015314173   0.0010828214  -0.0015314173   0.0010828214  -0.0015314173   0.0010828214
            225   0.0038284645   0.0020257436   0.0038284645   0.0020257436   0.0038284645   0.0020257436
            230   0.0030627952    0.001531321   0.0030627952    0.001531321   0.0030627952    0.001531321
            235   0.0022970866   0.0013261572   0.0022970866   0.0013261572   0.0022970866   0.0013261572
            240    0.005213189   0.0019722939    0.005213189   0.0019722939    0.005213189   0.0019722939
            245   0.0022161024   0.0012811111   0.0022161024   0.0012811111   0.0022161024   0.0012811111
            250              0   0.0010827936              0   0.0010827936              0   0.0010827936
            255   0.0015313976   0.0010828075   0.0015313976   0.0010828075   0.0015313976   0.0010828075
            260  0.00076570864  0.00076567035  0.00076570864  0.00076567035  0.00076570864  0.00076567035
            265   0.0022970866   0.0013261572   0.0022970866   0.0013261572   0.0022970866   0.0013261572
            270  0.00076566929    0.000765631  0.00076566929    0.000765631  0.00076566929    0.000765631
            275  0.00076568897  0.00076565068  0.00076568897  0.00076565068  0.00076568897  0.00076565068
            280  0.00076568897  0.00076565068  0.00076568897  0.00076565068  0.00076568897  0.00076565068
            285              0              0              0              0              0              0
            290  0.00076568897  0.00076565068  0.00076568897  0.00076565068  0.00076568897  0.00076565068
            295              0              0              0              0              0              0
            300              0              0              0              0              0              0
            305  0.00076570864  0.00076567035  0.00076570864  0.00076567035  0.00076570864  0.00076567035
            310              0              0              0              0              0              0
            315              0              0              0              0              0              0
            320  0.00076568897  0.00076565068  0.00076568897  0.00076565068  0.00076568897  0.00076565068
            325              0              0              0              0              0              0
            330              0              0              0              0              0              0
            335  0.00076570864  0.00076567035  0.00076570864  0.00076567035  0.00076570864  0.00076567035
            340              0              0              0              0              0              0
            345              0              0              0              0              0              0
            350              0              0              0              0              0              0
            355              0              0              0              0              0              0
            360              0              0              0              0              0              0
            365              0              0              0              0              0              0
            370   0.0006012992  0.00060126913   0.0006012992  0.00060126913   0.0006012992  0.00060126913
            375              0              0              0              0              0              0
            380              0              0              0              0              0              0
            385              0              0              0              0              0              0
            390              0              0              0              0              0              0
            395              0              0              0              0              0              0
            400              0              0              0              0              0              0
            405              0              0              0              0              0              0
            410              0              0              0              0              0              0
            415              0              0              0              0              0              0
            420              0              0              0              0              0              0
            425              0              0              0              0              0              0
            430              0              0              0              0              0              0
            435              0              0              0              0              0              0
            440              0              0              0              0              0              0
            445              0              0              0              0              0              0
            450              0              0              0              0              0              0
            455              0              0              0              0              0              0
            460              0              0              0              0              0              0
            465              0              0              0              0              0              0
            470              0              0              0              0              0              0
            475              0              0              0              0              0              0
            480              0              0              0              0              0              0
            485              0              0              0              0              0              0
            490              0              0              0              0              0              0
            495              0              0              0              0              0              0
            500              0              0              0              0              0              0
            505              0              0              0              0              0              0
            510              0              0              0              0              0              0
            515              0              0              0              0              0              0
            520              0              0              0              0              0              0
            525              0              0              0              0              0              0
            530              0              0              0              0              0              0
            535              0              0              0              0              0              0
            540              0              0              0              0              0              0
            545              0              0              0              0              0              0
            550              0              0              0              0              0              0
            555              0              0              0              0              0              0
            560              0              0              0              0              0              0
            565              0              0              0              0              0              0
            570              0              0              0              0              0              0
            575              0              0              0              0              0              0
            580              0              0              0              0              0              0
            585              0              0              0              0              0              0
            590              0              0              0              0              0              0
            595              0              0              0              0              0              0
            600              0              0              0              0              0              0
            605              0              0              0              0              0              0
            610              0              0              0              0              0              0
            615              0              0              0              0              0              0
            620              0              0              0              0              0              0
            625              0              0              0              0              0              0
            630              0              0              0              0              0              0
            635  0.00076568897  0.00076565068  0.00076568897  0.00076565068  0.00076568897  0.00076565068
            640              0              0              0              0              0              0
            645              0              0              0              0              0              0
            650              0              0              0              0              0              0
            655              0              0              0              0              0              0
            660              0              0              0              0              0              0
            665              0              0              0              0              0              0
            670              0              0              0              0              0              0
            675              0              0              0              0              0              0
            680              0              0              0              0              0              0
            685              0              0              0              0              0              0
            690              0              0              0              0              0              0
            695              0              0              0              0              0              0
            700              0              0              0              0              0              0
            705              0              0              0              0              0              0
            710              0              0              0              0              0              0
            715              0              0              0              0              0              0
            720              0              0              0              0              0              0
            725              0              0              0              0              0              0
            730              0              0              0              0              0              0
            735              0              0              0              0              0              0
            740              0              0              0              0              0              0
            745              0              0              0              0              0              0
            750              0              0              0              0              0              0
            755              0              0              0              0              0              0
            760              0              0              0              0              0              0
            765              0              0              0              0              0              0
            770              0              0              0              0              0              0
            775              0              0              0              0              0              0
            780              0              0              0              0              0              0
            785              0              0              0              0              0              0
            790              0              0              0              0              0              0
            795              0              0              0              0              0              0
            800              0              0              0              0              0              0
            805              0              0              0              0              0              0
            810              0              0              0              0              0              0
            815              0              0              0              0              0              0
            820              0              0              0              0              0              0
            825              0              0              0              0              0              0
            830              0              0              0              0              0              0
            835              0              0              0              0              0              0
            840              0              0              0              0              0              0
            845              0              0              0              0              0              0
            850              0              0              0              0              0              0
            855              0              0              0              0              0              0
            860              0              0              0              0              0              0
            865              0              0              0              0              0              0
            870              0              0              0              0              0              0
            875              0              0              0              0              0              0
            880              0              0              0              0              0              0
            885              0              0              0              0              0              0
            890              0              0              0              0              0              0
            895              0              0              0              0              0              0
            900              0              0              0              0              0              0
            905              0              0              0              0              0              0
            910              0              0              0              0              0              0
            915              0              0              0              0              0              0
            920              0              0              0              0              0              0
            925              0              0              0              0              0              0
            930              0              0              0              0              0              0
            935              0              0              0              0              0              0
            940              0              0              0              0              0              0
            945              0              0              0              0              0              0
            950              0              0              0              0              0              0
            955              0              0              0              0              0              0
            960              0              0              0              0              0              0
            965              0              0              0              0              0              0
            970              0              0              0              0              0              0
            975              0              0              0              0              0              0
            980              0              0              0              0              0              0
            985              0              0              0              0              0              0
            990              0              0              0              0              0              0
            995              0              0              0              0              0              0
           1000              0              0              0              0              0              0
