#  pt_Z-mbbZ500        central        num_err    min (scale)        num_err    max (scale)        num_err
              0      161.92901     0.41045012      161.92901     0.41045012      161.92901     0.41045012
              5      408.76981     0.62701084      408.76981     0.62701084      408.76981     0.62701084
             10      517.47749     0.67858274      517.47749     0.67858274      517.47749     0.67858274
             15      530.71465     0.66789956      530.71465     0.66789956      530.71465     0.66789956
             20      496.59682     0.63511531      496.59682     0.63511531      496.59682     0.63511531
             25      446.38307     0.59420044      446.38307     0.59420044      446.38307     0.59420044
             30      391.65853     0.55254134      391.65853     0.55254134      391.65853     0.55254134
             35      340.83401     0.51331872      340.83401     0.51331872      340.83401     0.51331872
             40      292.55382     0.47263083      292.55382     0.47263083      292.55382     0.47263083
             45      252.38157     0.43823454      252.38157     0.43823454      252.38157     0.43823454
             50      216.28281     0.40612157      216.28281     0.40612157      216.28281     0.40612157
             55      184.45449     0.37459191      184.45449     0.37459191      184.45449     0.37459191
             60      158.96432     0.34779252      158.96432     0.34779252      158.96432     0.34779252
             65      136.11626     0.32799776      136.11626     0.32799776      136.11626     0.32799776
             70      116.14908     0.29443933      116.14908     0.29443933      116.14908     0.29443933
             75      100.62355      0.2744881      100.62355      0.2744881      100.62355      0.2744881
             80      86.906592     0.26042505      86.906592     0.26042505      86.906592     0.26042505
             85      74.230438      0.2347965      74.230438      0.2347965      74.230438      0.2347965
             90      64.915601     0.22011439      64.915601     0.22011439      64.915601     0.22011439
             95      56.371336     0.20450359      56.371336     0.20450359      56.371336     0.20450359
            100      48.847261     0.19032828      48.847261     0.19032828      48.847261     0.19032828
            105       42.49346     0.17925317       42.49346     0.17925317       42.49346     0.17925317
            110      37.044046     0.16688656      37.044046     0.16688656      37.044046     0.16688656
            115      32.449773     0.15537706      32.449773     0.15537706      32.449773     0.15537706
            120      28.250137     0.14542263      28.250137     0.14542263      28.250137     0.14542263
            125      25.097003      0.1377165      25.097003      0.1377165      25.097003      0.1377165
            130      21.925136     0.12930456      21.925136     0.12930456      21.925136     0.12930456
            135      19.258633     0.11980175      19.258633     0.11980175      19.258633     0.11980175
            140      17.172729     0.11611752      17.172729     0.11611752      17.172729     0.11611752
            145      15.193499     0.10708929      15.193499     0.10708929      15.193499     0.10708929
            150       13.31893     0.10099928       13.31893     0.10099928       13.31893     0.10099928
            155      11.947098    0.095114799      11.947098    0.095114799      11.947098    0.095114799
            160      10.575758    0.090735472      10.575758    0.090735472      10.575758    0.090735472
            165      9.5033048    0.084524917      9.5033048    0.084524917      9.5033048    0.084524917
            170      8.3780002    0.079352068      8.3780002    0.079352068      8.3780002    0.079352068
            175      7.5610004    0.075482763      7.5610004    0.075482763      7.5610004    0.075482763
            180      6.8691651    0.073519833      6.8691651    0.073519833      6.8691651    0.073519833
            185      6.1396606    0.068346593      6.1396606    0.068346593      6.1396606    0.068346593
            190      5.4368274    0.064425104      5.4368274    0.064425104      5.4368274    0.064425104
            195      4.9468747    0.061192162      4.9468747    0.061192162      4.9468747    0.061192162
            200      4.4614111    0.058742461      4.4614111    0.058742461      4.4614111    0.058742461
            205      4.0853616    0.056746845      4.0853616    0.056746845      4.0853616    0.056746845
            210      3.6533123    0.052942844      3.6533123    0.052942844      3.6533123    0.052942844
            215      3.3634669    0.050717537      3.3634669    0.050717537      3.3634669    0.050717537
            220      2.9237662    0.047486829      2.9237662    0.047486829      2.9237662    0.047486829
            225      2.7346439     0.04595772      2.7346439     0.04595772      2.7346439     0.04595772
            230      2.4956454    0.068653192      2.4956454    0.068653192      2.4956454    0.068653192
            235      2.2353277    0.042442694      2.2353277    0.042442694      2.2353277    0.042442694
            240      2.0147371    0.040145891      2.0147371    0.040145891      2.0147371    0.040145891
            245      1.7829877     0.03758959      1.7829877     0.03758959      1.7829877     0.03758959
            250      1.7180884    0.037047701      1.7180884    0.037047701      1.7180884    0.037047701
            255      1.5532371    0.034672955      1.5532371    0.034672955      1.5532371    0.034672955
            260      1.4234735    0.033778539      1.4234735    0.033778539      1.4234735    0.033778539
            265      1.2967919    0.031938021      1.2967919    0.031938021      1.2967919    0.031938021
            270      1.2171605    0.031236166      1.2171605    0.031236166      1.2171605    0.031236166
            275      1.0876335    0.032393748      1.0876335    0.032393748      1.0876335    0.032393748
            280     0.99460634    0.029025675     0.99460634    0.029025675     0.99460634    0.029025675
            285     0.92153899     0.02870977     0.92153899     0.02870977     0.92153899     0.02870977
            290     0.85918698    0.026437464     0.85918698    0.026437464     0.85918698    0.026437464
            295     0.78685098    0.025029088     0.78685098    0.025029088     0.78685098    0.025029088
            300     0.70215498    0.024202874     0.70215498    0.024202874     0.70215498    0.024202874
            305     0.68515356    0.027836147     0.68515356    0.027836147     0.68515356    0.027836147
            310     0.61115409    0.022249337     0.61115409    0.022249337     0.61115409    0.022249337
            315     0.57298771    0.023088552     0.57298771    0.023088552     0.57298771    0.023088552
            320      0.5308188    0.020982903      0.5308188    0.020982903      0.5308188    0.020982903
            325     0.51624569    0.020343601     0.51624569    0.020343601     0.51624569    0.020343601
            330      0.4497501     0.01898532      0.4497501     0.01898532      0.4497501     0.01898532
            335      0.4246914    0.018455564      0.4246914    0.018455564      0.4246914    0.018455564
            340     0.40898431    0.018025185     0.40898431    0.018025185     0.40898431    0.018025185
            345     0.34656775    0.016989665     0.34656775    0.016989665     0.34656775    0.016989665
            350     0.31306053    0.024876955     0.31306053    0.024876955     0.31306053    0.024876955
            355     0.28989169    0.015301134     0.28989169    0.015301134     0.28989169    0.015301134
            360     0.28284323    0.015080001     0.28284323    0.015080001     0.28284323    0.015080001
            365     0.26813437    0.014864508     0.26813437    0.014864508     0.26813437    0.014864508
            370     0.23924474    0.014216522     0.23924474    0.014216522     0.23924474    0.014216522
            375     0.22508451    0.013786468     0.22508451    0.013786468     0.22508451    0.013786468
            380     0.21330972     0.01316556     0.21330972     0.01316556     0.21330972     0.01316556
            385     0.21293632    0.013796114     0.21293632    0.013796114     0.21293632    0.013796114
            390     0.19206902    0.012897693     0.19206902    0.012897693     0.19206902    0.012897693
            395     0.16740937    0.011797426     0.16740937    0.011797426     0.16740937    0.011797426
            400     0.17543466    0.015615519     0.17543466    0.015615519     0.17543466    0.015615519
            405     0.14767309    0.011719109     0.14767309    0.011719109     0.14767309    0.011719109
            410     0.13380592    0.010502252     0.13380592    0.010502252     0.13380592    0.010502252
            415     0.13397088    0.010605455     0.13397088    0.010605455     0.13397088    0.010605455
            420     0.12233565    0.010554215     0.12233565    0.010554215     0.12233565    0.010554215
            425     0.12721167    0.010164407     0.12721167    0.010164407     0.12721167    0.010164407
            430     0.11399933   0.0096575721     0.11399933   0.0096575721     0.11399933   0.0096575721
            435    0.097704527   0.0091065342    0.097704527   0.0091065342    0.097704527   0.0091065342
            440    0.098169921   0.0089911668    0.098169921   0.0089911668    0.098169921   0.0089911668
            445    0.088844504      0.0088212    0.088844504      0.0088212    0.088844504      0.0088212
            450    0.084622814   0.0086023949    0.084622814   0.0086023949    0.084622814   0.0086023949
            455    0.083683818   0.0087083133    0.083683818   0.0087083133    0.083683818   0.0087083133
            460    0.076281929   0.0079173879    0.076281929   0.0079173879    0.076281929   0.0079173879
            465    0.060764586   0.0075538303    0.060764586   0.0075538303    0.060764586   0.0075538303
            470    0.069551712   0.0077240903    0.069551712   0.0077240903    0.069551712   0.0077240903
            475    0.057937736   0.0074346401    0.057937736   0.0074346401    0.057937736   0.0074346401
            480    0.052233858   0.0069134726    0.052233858   0.0069134726    0.052233858   0.0069134726
            485    0.062630157    0.007048591    0.062630157    0.007048591    0.062630157    0.007048591
            490    0.060929724   0.0069507312    0.060929724   0.0069507312    0.060929724   0.0069507312
            495    0.043974311   0.0060757285    0.043974311   0.0060757285    0.043974311   0.0060757285
            500    0.039884173    0.006301275    0.039884173    0.006301275    0.039884173    0.006301275
            505    0.045768818   0.0062104768    0.045768818   0.0062104768    0.045768818   0.0062104768
            510    0.042003622   0.0061001273    0.042003622   0.0061001273    0.042003622   0.0061001273
            515    0.035719626   0.0054944871    0.035719626   0.0054944871    0.035719626   0.0054944871
            520    0.041333267   0.0056473472    0.041333267   0.0056473472    0.041333267   0.0056473472
            525    0.041616515   0.0057192737    0.041616515   0.0057192737    0.041616515   0.0057192737
            530    0.030423701    0.005604956    0.030423701    0.005604956    0.030423701    0.005604956
            535    0.030484468   0.0050683969    0.030484468   0.0050683969    0.030484468   0.0050683969
            540    0.022803386   0.0043912112    0.022803386   0.0043912112    0.022803386   0.0043912112
            545    0.032262775   0.0051531597    0.032262775   0.0051531597    0.032262775   0.0051531597
            550    0.029023681   0.0049063821    0.029023681   0.0049063821    0.029023681   0.0049063821
            555    0.029269803   0.0048849187    0.029269803   0.0048849187    0.029269803   0.0048849187
            560    0.021248405   0.0043008552    0.021248405   0.0043008552    0.021248405   0.0043008552
            565    0.025845571   0.0045681125    0.025845571   0.0045681125    0.025845571   0.0045681125
            570    0.021611811   0.0041636005    0.021611811   0.0041636005    0.021611811   0.0041636005
            575    0.029039035    0.004833799    0.029039035    0.004833799    0.029039035    0.004833799
            580    0.017613878   0.0041237621    0.017613878   0.0041237621    0.017613878   0.0041237621
            585    0.020489134   0.0039442535    0.020489134   0.0039442535    0.020489134   0.0039442535
            590    0.018231594   0.0041682861    0.018231594   0.0041682861    0.018231594   0.0041682861
            595    0.017180256   0.0037489906    0.017180256   0.0037489906    0.017180256   0.0037489906
            600    0.015603839   0.0038949729    0.015603839   0.0038949729    0.015603839   0.0038949729
            605    0.015401831   0.0037041302    0.015401831   0.0037041302    0.015401831   0.0037041302
            610    0.015834035   0.0034621723    0.015834035   0.0034621723    0.015834035   0.0034621723
            615    0.013795945   0.0034172684    0.013795945   0.0034172684    0.013795945   0.0034172684
            620    0.015982382    0.003487988    0.015982382    0.003487988    0.015982382    0.003487988
            625    0.011978307   0.0031909248    0.011978307   0.0031909248    0.011978307   0.0031909248
            630   0.0053557086    0.002295584   0.0053557086    0.002295584   0.0053557086    0.002295584
            635    0.014440138   0.0033142626    0.014440138   0.0033142626    0.014440138   0.0033142626
            640   0.0091787401   0.0030602429   0.0091787401   0.0030602429   0.0091787401   0.0030602429
            645   0.0099364369   0.0031526555   0.0099364369   0.0031526555   0.0099364369   0.0031526555
            650    0.010599724    0.002835043    0.010599724    0.002835043    0.010599724    0.002835043
            655    0.002314311   0.0020192818    0.002314311   0.0020192818    0.002314311   0.0020192818
            660     0.01071561    0.003247431     0.01071561    0.003247431     0.01071561    0.003247431
            665   0.0091882676   0.0028648025   0.0091882676   0.0028648025   0.0091882676   0.0028648025
            670   0.0083508267   0.0027415072   0.0083508267   0.0027415072   0.0083508267   0.0027415072
            675   0.0083167912   0.0027331229   0.0083167912   0.0027331229   0.0083167912   0.0027331229
            680   0.0037055118   0.0019825286   0.0037055118   0.0019825286   0.0037055118   0.0019825286
            685        0.00489   0.0025781072        0.00489   0.0025781072        0.00489   0.0025781072
            690   0.0066899409   0.0022378264   0.0066899409   0.0022378264   0.0066899409   0.0022378264
            695   0.0058661417   0.0020880326   0.0058661417   0.0020880326   0.0058661417   0.0020880326
            700   0.0082943503   0.0025029606   0.0082943503   0.0025029606   0.0082943503   0.0025029606
            705   0.0068165551    0.002272922   0.0068165551    0.002272922   0.0068165551    0.002272922
            710   0.0030627559   0.0018754535   0.0030627559   0.0018754535   0.0030627559   0.0018754535
            715   0.0048342324   0.0033658274   0.0048342324   0.0033658274   0.0048342324   0.0033658274
            720   0.0030356889   0.0015179495   0.0030356889   0.0015179495   0.0030356889   0.0015179495
            725   0.0038269684   0.0017113873   0.0038269684   0.0017113873   0.0038269684   0.0017113873
            730   0.0068619094   0.0022873365   0.0068619094   0.0022873365   0.0068619094   0.0022873365
            735   0.0030627559   0.0015313014   0.0030627559   0.0015313014   0.0030627559   0.0015313014
            740   0.0021743504   0.0019826128   0.0021743504   0.0019826128   0.0021743504   0.0019826128
            745   0.0076560039   0.0026520362   0.0076560039   0.0026520362   0.0076560039   0.0026520362
            750    0.006866181   0.0022887343    0.006866181   0.0022887343    0.006866181   0.0022887343
            755   0.0061249409   0.0021653854   0.0061249409   0.0021653854   0.0061249409   0.0021653854
            760   0.0045941535   0.0018754616   0.0045941535   0.0018754616   0.0045941535   0.0018754616
            765   0.0022970472   0.0017120558   0.0022970472   0.0017120558   0.0022970472   0.0017120558
            770   0.0037725787   0.0016874336   0.0037725787   0.0016874336   0.0037725787   0.0016874336
            775  0.00076568897   0.0013261459  0.00076568897   0.0013261459  0.00076568897   0.0013261459
            780   0.0075631692   0.0030895255   0.0075631692   0.0030895255   0.0075631692   0.0030895255
            785   0.0038284645   0.0017120558   0.0038284645   0.0017120558   0.0038284645   0.0017120558
            790   0.0022963189   0.0017117126   0.0022963189   0.0017117126   0.0022963189   0.0017117126
            795   0.0022578149   0.0013038788   0.0022578149   0.0013038788   0.0022578149   0.0013038788
            800   0.0038316338   0.0017134754   0.0038316338   0.0017134754   0.0038316338   0.0017134754
            805   0.0045941338   0.0018754535   0.0045941338   0.0018754535   0.0045941338   0.0018754535
            810 -0.00076568897  0.00076565068 -0.00076568897  0.00076565068 -0.00076568897  0.00076565068
            815   0.0030610236    0.001530436   0.0030610236    0.001530436   0.0030610236    0.001530436
            820  3.4055217e-06   0.0010803883  3.4055217e-06   0.0010803883  3.4055217e-06   0.0010803883
            825   0.0038284448    0.001712047   0.0038284448    0.001712047   0.0038284448    0.001712047
            830   0.0053598424   0.0020257287   0.0053598424   0.0020257287   0.0053598424   0.0020257287
            835   0.0015313779   0.0010827936   0.0015313779   0.0010827936   0.0015313779   0.0010827936
            840  0.00076568897  0.00076565068  0.00076568897  0.00076565068  0.00076568897  0.00076565068
            845   0.0022970669   0.0013261459   0.0022970669   0.0013261459   0.0022970669   0.0013261459
            850  0.00076568897  0.00076565068  0.00076568897  0.00076565068  0.00076568897  0.00076565068
            855  0.00072720468   0.0017232027  0.00072720468   0.0017232027  0.00072720468   0.0017232027
            860   0.0015313779   0.0010827936   0.0015313779   0.0010827936   0.0015313779   0.0010827936
            865   0.0030627559   0.0015313014   0.0030627559   0.0015313014   0.0030627559   0.0015313014
            870   0.0022970472   0.0013261345   0.0022970472   0.0013261345   0.0022970472   0.0013261345
            875  0.00013212602  0.00099374432  0.00013212602  0.00099374432  0.00013212602  0.00099374432
            880   0.0015313779   0.0015313014   0.0015313779   0.0015313014   0.0015313779   0.0015313014
            885              0              0              0              0              0              0
            890 -0.00076568897  0.00076565068 -0.00076568897  0.00076565068 -0.00076568897  0.00076565068
            895              0              0              0              0              0              0
            900   0.0015313779   0.0015313014   0.0015313779   0.0015313014   0.0015313779   0.0015313014
            905   0.0015313779   0.0010827936   0.0015313779   0.0010827936   0.0015313779   0.0010827936
            910              0              0              0              0              0              0
            915   0.0015313779   0.0010827936   0.0015313779   0.0010827936   0.0015313779   0.0010827936
            920  0.00076568897  0.00076565068  0.00076568897  0.00076565068  0.00076568897  0.00076565068
            925   0.0015313779   0.0010827936   0.0015313779   0.0010827936   0.0015313779   0.0010827936
            930   0.0015312795    0.001082724   0.0015312795    0.001082724   0.0015312795    0.001082724
            935   0.0015313779   0.0010827936   0.0015313779   0.0010827936   0.0015313779   0.0010827936
            940              0              0              0              0              0              0
            945  0.00056561024  0.00056558195  0.00056561024  0.00056558195  0.00056561024  0.00056558195
            950   0.0015313779   0.0010827936   0.0015313779   0.0010827936   0.0015313779   0.0010827936
            955  0.00076568897  0.00076565068  0.00076568897  0.00076565068  0.00076568897  0.00076565068
            960   0.0022970275   0.0013261232   0.0022970275   0.0013261232   0.0022970275   0.0013261232
            965   0.0030556889   0.0015277803   0.0030556889   0.0015277803   0.0030556889   0.0015277803
            970 -0.00076568897  0.00076565068 -0.00076568897  0.00076565068 -0.00076568897  0.00076565068
            975              0              0              0              0              0              0
            980  0.00076568897  0.00076565068  0.00076568897  0.00076565068  0.00076568897  0.00076565068
            985  0.00076549215   0.0013260323  0.00076549215   0.0013260323  0.00076549215   0.0013260323
            990 -0.00076568897  0.00076565068 -0.00076568897  0.00076565068 -0.00076568897  0.00076565068
            995              0   0.0010827936              0   0.0010827936              0   0.0010827936
           1000              0   0.0010827936              0   0.0010827936              0   0.0010827936
