#    pt_Z-ptj60        central        num_err    min (scale)        num_err    max (scale)        num_err
              0      4.6644749    0.060979016      4.6644749    0.060979016      4.6644749    0.060979016
              5      14.693495     0.10732201      14.693495     0.10732201      14.693495     0.10732201
             10      23.948473     0.13703002      23.948473     0.13703002      23.948473     0.13703002
             15      32.759172     0.16229767      32.759172     0.16229767      32.759172     0.16229767
             20      40.615061     0.18014724      40.615061     0.18014724      40.615061     0.18014724
             25      47.124839     0.19310075      47.124839     0.19310075      47.124839     0.19310075
             30      52.908346     0.20656519      52.908346     0.20656519      52.908346     0.20656519
             35      57.821729     0.21774906      57.821729     0.21774906      57.821729     0.21774906
             40      61.195211     0.22046589      61.195211     0.22046589      61.195211     0.22046589
             45      64.189038     0.22532534      64.189038     0.22532534      64.189038     0.22532534
             50      66.244383     0.23277657      66.244383     0.23277657      66.244383     0.23277657
             55      66.798269     0.23054108      66.798269     0.23054108      66.798269     0.23054108
             60      67.509162     0.23503312      67.509162     0.23503312      67.509162     0.23503312
             65      65.940392     0.22796093      65.940392     0.22796093      65.940392     0.22796093
             70      62.901652     0.22166805      62.901652     0.22166805      62.901652     0.22166805
             75      60.115787     0.21710648      60.115787     0.21710648      60.115787     0.21710648
             80      56.232535     0.21656879      56.232535     0.21656879      56.232535     0.21656879
             85      51.354338     0.19926911      51.354338     0.19926911      51.354338     0.19926911
             90      47.293498     0.19119074      47.293498     0.19119074      47.293498     0.19119074
             95      43.070567     0.18209038      43.070567     0.18209038      43.070567     0.18209038
            100      38.658098     0.17368229      38.658098     0.17368229      38.658098     0.17368229
            105      34.862203     0.16485895      34.862203     0.16485895      34.862203     0.16485895
            110      31.300101     0.15662857      31.300101     0.15662857      31.300101     0.15662857
            115      28.016216     0.14680472      28.016216     0.14680472      28.016216     0.14680472
            120      24.830136     0.13807463      24.830136     0.13807463      24.830136     0.13807463
            125      22.536446     0.13211565      22.536446     0.13211565      22.536446     0.13211565
            130      20.045085     0.12637638      20.045085     0.12637638      20.045085     0.12637638
            135      17.774095     0.11625121      17.774095     0.11625121      17.774095     0.11625121
            140      16.063051     0.11478844      16.063051     0.11478844      16.063051     0.11478844
            145      14.477713     0.10528812      14.477713     0.10528812      14.477713     0.10528812
            150      12.817269     0.10001261      12.817269     0.10001261      12.817269     0.10001261
            155      11.698933    0.094653711      11.698933    0.094653711      11.698933    0.094653711
            160      10.314065    0.090211397      10.314065    0.090211397      10.314065    0.090211397
            165      9.4307897    0.084799172      9.4307897    0.084799172      9.4307897    0.084799172
            170      8.3945481    0.079925042      8.3945481    0.079925042      8.3945481    0.079925042
            175      7.5940815    0.075728439      7.5940815    0.075728439      7.5940815    0.075728439
            180       6.993818     0.07453078       6.993818     0.07453078       6.993818     0.07453078
            185      6.3163172    0.069504148      6.3163172    0.069504148      6.3163172    0.069504148
            190      5.6775958    0.065878848      5.6775958    0.065878848      5.6775958    0.065878848
            195      5.1523528    0.062595037      5.1523528    0.062595037      5.1523528    0.062595037
            200      4.7035906    0.060168534      4.7035906    0.060168534      4.7035906    0.060168534
            205      4.3551703    0.058422971      4.3551703    0.058422971      4.3551703    0.058422971
            210      3.8952505    0.054784272      3.8952505    0.054784272      3.8952505    0.054784272
            215      3.6327233    0.052633247      3.6327233    0.052633247      3.6327233    0.052633247
            220      3.1879071    0.049482009      3.1879071    0.049482009      3.1879071    0.049482009
            225      3.0258231     0.04814133      3.0258231     0.04814133      3.0258231     0.04814133
            230      2.7621436    0.070810505      2.7621436    0.070810505      2.7621436    0.070810505
            235      2.5246866    0.045902615      2.5246866    0.045902615      2.5246866    0.045902615
            240      2.3043062    0.042551665      2.3043062    0.042551665      2.3043062    0.042551665
            245      2.0572918    0.040598665      2.0572918    0.040598665      2.0572918    0.040598665
            250      1.9784998    0.039397264      1.9784998    0.039397264      1.9784998    0.039397264
            255      1.8442905    0.037930325      1.8442905    0.037930325      1.8442905    0.037930325
            260       1.701291    0.036476359       1.701291    0.036476359       1.701291    0.036476359
            265      1.5415343    0.034408887      1.5415343    0.034408887      1.5415343    0.034408887
            270      1.4526068    0.033747171      1.4526068    0.033747171      1.4526068    0.033747171
            275      1.3260542    0.036708376      1.3260542    0.036708376      1.3260542    0.036708376
            280      1.2097921    0.031361853      1.2097921    0.031361853      1.2097921    0.031361853
            285      1.1690255    0.031656781      1.1690255    0.031656781      1.1690255    0.031656781
            290      1.0603075    0.029303214      1.0603075    0.029303214      1.0603075    0.029303214
            295      1.0116186    0.027860958      1.0116186    0.027860958      1.0116186    0.027860958
            300     0.89166033    0.026727577     0.89166033    0.026727577     0.89166033    0.026727577
            305     0.86393201     0.03028302     0.86393201     0.03028302     0.86393201     0.03028302
            310     0.77159161    0.024717179     0.77159161    0.024717179     0.77159161    0.024717179
            315     0.73981889    0.025324484     0.73981889    0.025324484     0.73981889    0.025324484
            320     0.68539451    0.023387168     0.68539451    0.023387168     0.68539451    0.023387168
            325     0.65180045    0.022489051     0.65180045    0.022489051     0.65180045    0.022489051
            330     0.58633537     0.02132616     0.58633537     0.02132616     0.58633537     0.02132616
            335     0.55840283    0.020977662     0.55840283    0.020977662     0.55840283    0.020977662
            340     0.54216289    0.020304702     0.54216289    0.020304702     0.54216289    0.020304702
            345      0.4661258    0.020494634      0.4661258    0.020494634      0.4661258    0.020494634
            350     0.44387429    0.030527574     0.44387429    0.030527574     0.44387429    0.030527574
            355     0.38891118    0.017417399     0.38891118    0.017417399     0.38891118    0.017417399
            360     0.38912031    0.017345093     0.38912031    0.017345093     0.38912031    0.017345093
            365     0.35928409    0.016772613     0.35928409    0.016772613     0.35928409    0.016772613
            370     0.32546238     0.01601793     0.32546238     0.01601793     0.32546238     0.01601793
            375      0.3194399    0.016063014      0.3194399    0.016063014      0.3194399    0.016063014
            380     0.29622423    0.015145903     0.29622423    0.015145903     0.29622423    0.015145903
            385     0.30650854    0.015966306     0.30650854    0.015966306     0.30650854    0.015966306
            390     0.26936362     0.01477218     0.26936362     0.01477218     0.26936362     0.01477218
            395     0.24213303    0.013857842     0.24213303    0.013857842     0.24213303    0.013857842
            400     0.24752506    0.017163758     0.24752506    0.017163758     0.24752506    0.017163758
            405     0.21425331    0.013397029     0.21425331    0.013397029     0.21425331    0.013397029
            410     0.20995368    0.012726432     0.20995368    0.012726432     0.20995368    0.012726432
            415     0.21159248    0.013312845     0.21159248    0.013312845     0.21159248    0.013312845
            420     0.17249096    0.012077748     0.17249096    0.012077748     0.17249096    0.012077748
            425     0.18086626    0.012028734     0.18086626    0.012028734     0.18086626    0.012028734
            430     0.17956947    0.011738362     0.17956947    0.011738362     0.17956947    0.011738362
            435     0.14755177    0.010962003     0.14755177    0.010962003     0.14755177    0.010962003
            440     0.14145433    0.010655765     0.14145433    0.010655765     0.14145433    0.010655765
            445     0.13151232      0.0104173     0.13151232      0.0104173     0.13151232      0.0104173
            450     0.12556417    0.010223688     0.12556417    0.010223688     0.12556417    0.010223688
            455     0.13103583    0.010409697     0.13103583    0.010409697     0.13103583    0.010409697
            460     0.12370171   0.0098050643     0.12370171   0.0098050643     0.12370171   0.0098050643
            465     0.10473228   0.0095096215     0.10473228   0.0095096215     0.10473228   0.0095096215
            470    0.098500157   0.0089183851    0.098500157   0.0089183851    0.098500157   0.0089183851
            475     0.08673998   0.0088833234     0.08673998   0.0088833234     0.08673998   0.0088833234
            480    0.098251279   0.0089558385    0.098251279   0.0089558385    0.098251279   0.0089558385
            485     0.08878187   0.0083439944     0.08878187   0.0083439944     0.08878187   0.0083439944
            490    0.090356121   0.0084357328    0.090356121   0.0084357328    0.090356121   0.0084357328
            495    0.078074705   0.0077347138    0.078074705   0.0077347138    0.078074705   0.0077347138
            500    0.072865571    0.007840895    0.072865571    0.007840895    0.072865571    0.007840895
            505    0.080024173   0.0080954043    0.080024173   0.0080954043    0.080024173   0.0080954043
            510    0.075191948   0.0077563296    0.075191948   0.0077563296    0.075191948   0.0077563296
            515    0.058412165   0.0067242228    0.058412165   0.0067242228    0.058412165   0.0067242228
            520    0.059875905   0.0066911348    0.059875905   0.0066911348    0.059875905   0.0066911348
            525    0.069211495     0.00719495    0.069211495     0.00719495    0.069211495     0.00719495
            530    0.059828779   0.0073260177    0.059828779   0.0073260177    0.059828779   0.0073260177
            535     0.05113185   0.0063554632     0.05113185   0.0063554632     0.05113185   0.0063554632
            540    0.045347086   0.0059313261    0.045347086   0.0059313261    0.045347086   0.0059313261
            545    0.051328622   0.0064604154    0.051328622   0.0064604154    0.051328622   0.0064604154
            550    0.044021929   0.0060000924    0.044021929   0.0060000924    0.044021929   0.0060000924
            555    0.053741004   0.0068280047    0.053741004   0.0068280047    0.053741004   0.0068280047
            560    0.043619901   0.0058343463    0.043619901   0.0058343463    0.043619901   0.0058343463
            565    0.044305945   0.0057332781    0.044305945   0.0057332781    0.044305945   0.0057332781
            570    0.038990767   0.0054621038    0.038990767   0.0054621038    0.038990767   0.0054621038
            575    0.044574901   0.0059766343    0.044574901   0.0059766343    0.044574901   0.0059766343
            580    0.032051063   0.0053871344    0.032051063   0.0053871344    0.032051063   0.0053871344
            585    0.041962736   0.0062491093    0.041962736   0.0062491093    0.041962736   0.0062491093
            590    0.033154527   0.0052185007    0.033154527   0.0052185007    0.033154527   0.0052185007
            595    0.031197795   0.0050100589    0.031197795   0.0050100589    0.031197795   0.0050100589
            600    0.024047421   0.0046691772    0.024047421   0.0046691772    0.024047421   0.0046691772
            605    0.025102421   0.0045281057    0.025102421   0.0045281057    0.025102421   0.0045281057
            610    0.026875689   0.0044488557    0.026875689   0.0044488557    0.026875689   0.0044488557
            615    0.025586516   0.0045392657    0.025586516   0.0045392657    0.025586516   0.0045392657
            620    0.026695197   0.0044940219    0.026695197   0.0044940219    0.026695197   0.0044940219
            625    0.018566771   0.0041230118    0.018566771   0.0041230118    0.018566771   0.0041230118
            630    0.019888937   0.0038795856    0.019888937   0.0038795856    0.019888937   0.0038795856
            635    0.023124252   0.0043857774    0.023124252   0.0043857774    0.023124252   0.0043857774
            640    0.023711181   0.0047085965    0.023711181   0.0047085965    0.023711181   0.0047085965
            645    0.015590728   0.0039853397    0.015590728   0.0039853397    0.015590728   0.0039853397
            650    0.017675965   0.0037207395    0.017675965   0.0037207395    0.017675965   0.0037207395
            655    0.011526949   0.0032670233    0.011526949   0.0032670233    0.011526949   0.0032670233
            660    0.021079075   0.0042626647    0.021079075   0.0042626647    0.021079075   0.0042626647
            665    0.032631929    0.014197856    0.032631929    0.014197856    0.032631929    0.014197856
            670    0.015689488   0.0038898263    0.015689488   0.0038898263    0.015689488   0.0038898263
            675    0.016116397   0.0037155063    0.016116397   0.0037155063    0.016116397   0.0037155063
            680    0.011274961   0.0030327553    0.011274961   0.0030327553    0.011274961   0.0030327553
            685    0.012939429   0.0036502309    0.012939429   0.0036502309    0.012939429   0.0036502309
            690    0.016267894   0.0034147675    0.016267894   0.0034147675    0.016267894   0.0034147675
            695    0.013866535   0.0032676375    0.013866535   0.0032676375    0.013866535   0.0032676375
            700    0.012426772   0.0030243918    0.012426772   0.0030243918    0.012426772   0.0030243918
            705    0.010968917    0.002766071    0.010968917    0.002766071    0.010968917    0.002766071
            710    0.010193976   0.0030179627    0.010193976   0.0030179627    0.010193976   0.0030179627
            715    0.010610551   0.0040566124    0.010610551   0.0040566124    0.010610551   0.0040566124
            720   0.0072412401   0.0023029397   0.0072412401   0.0023029397   0.0072412401   0.0023029397
            725    0.011291299   0.0029650356    0.011291299   0.0029650356    0.011291299   0.0029650356
            730    0.013201752   0.0031266836    0.013201752   0.0031266836    0.013201752   0.0031266836
            735    0.010410984   0.0027073013    0.010410984   0.0027073013    0.010410984   0.0027073013
            740   0.0065972835   0.0026830449   0.0065972835   0.0026830449   0.0065972835   0.0026830449
            745   0.0094797244   0.0028574542   0.0094797244   0.0028574542   0.0094797244   0.0028574542
            750     0.01049872   0.0030092143     0.01049872   0.0030092143     0.01049872   0.0030092143
            755    0.012389882   0.0030183446    0.012389882   0.0030183446    0.012389882   0.0030183446
            760    0.012055709   0.0029374595    0.012055709   0.0029374595    0.012055709   0.0029374595
            765   0.0066609252   0.0024805699   0.0066609252   0.0024805699   0.0066609252   0.0024805699
            770   0.0085788189   0.0024855289   0.0085788189   0.0024855289   0.0085788189   0.0024855289
            775   0.0067901574   0.0024277625   0.0067901574   0.0024277625   0.0067901574   0.0024277625
            780    0.010307894   0.0033855955    0.010307894   0.0033855955    0.010307894   0.0033855955
            785    0.004324685    0.002085565    0.004324685    0.002085565    0.004324685    0.002085565
            790   0.0062639567   0.0023860749   0.0062639567   0.0023860749   0.0062639567   0.0023860749
            795   0.0054992913    0.001955046   0.0054992913    0.001955046   0.0054992913    0.001955046
            800   0.0080555707   0.0024405018   0.0080555707   0.0024405018   0.0080555707   0.0024405018
            805   0.0075987204   0.0025548571   0.0075987204   0.0025548571   0.0075987204   0.0025548571
            810   0.0037499016   0.0018978191   0.0037499016   0.0018978191   0.0037499016   0.0018978191
            815   0.0044205511   0.0021076957   0.0044205511   0.0021076957   0.0044205511   0.0021076957
            820   0.0027292717   0.0017616982   0.0027292717   0.0017616982   0.0027292717   0.0017616982
            825   0.0059874212   0.0023326546   0.0059874212   0.0023326546   0.0059874212   0.0023326546
            830   0.0088067322   0.0025541531   0.0088067322   0.0025541531   0.0088067322   0.0025541531
            835   0.0066468899   0.0039704094   0.0066468899   0.0039704094   0.0066468899   0.0039704094
            840   0.0019632677   0.0011655048   0.0019632677   0.0011655048   0.0019632677   0.0011655048
            845   0.0065392125   0.0022059659   0.0065392125   0.0022059659   0.0065392125   0.0022059659
            850   0.0033933071   0.0015389667   0.0033933071   0.0015389667   0.0033933071   0.0015389667
            855   0.0035657479   0.0024041148   0.0035657479   0.0024041148   0.0035657479   0.0024041148
            860   0.0038042125   0.0020135376   0.0038042125   0.0020135376   0.0038042125   0.0020135376
            865   0.0043149016   0.0017691588   0.0043149016   0.0017691588   0.0043149016   0.0017691588
            870   0.0043033267   0.0017671068   0.0043033267   0.0017671068   0.0043033267   0.0017671068
            875   0.0031313386   0.0016973309   0.0031313386   0.0016973309   0.0031313386   0.0016973309
            880   0.0051725197   0.0022384228   0.0051725197   0.0022384228   0.0051725197   0.0022384228
            885   0.0020974607   0.0012146439   0.0020974607   0.0012146439   0.0020974607   0.0012146439
            890   0.0013622047   0.0014540789   0.0013622047   0.0014540789   0.0013622047   0.0014540789
            895   0.0015297441   0.0010816389   0.0015297441   0.0010816389   0.0015297441   0.0010816389
            900   0.0030017913   0.0018514026   0.0030017913   0.0018514026   0.0030017913   0.0018514026
            905   0.0038266928   0.0017112642   0.0038266928   0.0017112642   0.0038266928   0.0017112642
            910  0.00017364171  0.00096673114  0.00017364171  0.00096673114  0.00017364171  0.00096673114
            915   0.0051388582   0.0019460138   0.0051388582   0.0019460138   0.0051388582   0.0019460138
            920   0.0043190157   0.0020696555   0.0043190157   0.0020696555   0.0043190157   0.0020696555
            925        0.00209   0.0016300034        0.00209   0.0016300034        0.00209   0.0016300034
            930   0.0014047834   0.0014720866   0.0014047834   0.0014720866   0.0014047834   0.0014720866
            935   0.0015313779   0.0010827936   0.0015313779   0.0010827936   0.0015313779   0.0010827936
            940   0.0013273031   0.0009490615   0.0013273031   0.0009490615   0.0013273031   0.0009490615
            945    0.019379271    0.016064615    0.019379271    0.016064615    0.019379271    0.016064615
            950   0.0022634252   0.0013070124   0.0022634252   0.0013070124   0.0022634252   0.0013070124
            955  0.00051582675   0.0015426987  0.00051582675   0.0015426987  0.00051582675   0.0015426987
            960    0.003566752   0.0016047027    0.003566752   0.0016047027    0.003566752   0.0016047027
            965   0.0056010826   0.0019989913   0.0056010826   0.0019989913   0.0056010826   0.0019989913
            970   0.0012422835   0.0014051629   0.0012422835   0.0014051629   0.0012422835   0.0014051629
            975  0.00053466534   0.0005346386  0.00053466534   0.0005346386  0.00053466534   0.0005346386
            980   0.0021254528   0.0012350431   0.0021254528   0.0012350431   0.0021254528   0.0012350431
            985   0.0022968701    0.001711959   0.0022968701    0.001711959   0.0022968701    0.001711959
            990  0.00076568897   0.0013261459  0.00076568897   0.0013261459  0.00076568897   0.0013261459
            995   0.0013908859   0.0014635877   0.0013908859   0.0014635877   0.0013908859   0.0014635877
           1000   0.0013908859   0.0014635877   0.0013908859   0.0014635877   0.0013908859   0.0014635877
