#  pt_bbZ-ptj60        central        num_err    min (scale)        num_err    max (scale)        num_err
              0      1.3496312    0.033376354      1.0879739    0.026607557      1.7186234    0.044233706
              5      4.5888438    0.062446547      3.6447203    0.048933243      5.9610613    0.084846016
             10      8.5978971    0.085032904      6.7940065    0.067560908      11.218497     0.11974596
             15      12.847403     0.10347004      10.125505    0.080915231      16.794799     0.14228442
             20      17.753429     0.12280558       13.94741    0.095617514      23.273847     0.16850591
             25      22.604444     0.13667161      17.743805     0.10615379      29.643336     0.18720686
             30      28.411124     0.15742574      22.298205      0.1219428      37.229012     0.21595266
             35       33.87381     0.16712164      26.653139     0.13040726      44.210012     0.22884893
             40      40.598014     0.18366681      31.983619     0.14388237      52.860117     0.25036635
             45      48.147946     0.19953624      37.980255     0.15637109      62.558477     0.27216143
             50      57.573571      0.2231835      45.641405     0.17469848      74.261472     0.30469183
             55      67.677228     0.23642889      53.831975     0.18647473       86.86447     0.31897552
             60      81.927976     0.25878751      65.507545     0.20585144      104.35079     0.35173607
             65      87.402653     0.26948667      69.994984     0.21414113       111.0665     0.36183916
             70      87.631829     0.26801648      70.328711     0.21802235      111.03449     0.37290497
             75      83.963591     0.26689198      67.359833     0.21351429      106.42491     0.36359392
             80      78.968185     0.25477165      63.379552     0.20263413      100.03155     0.34055353
             85        72.7961     0.25349415      58.392697     0.20030593      92.289193     0.34181085
             90      66.624101      0.2332237      53.552587     0.18790339      84.175671      0.3174239
             95      60.418599      0.2226044      48.381981     0.17645437       76.62202     0.29893819
            100      54.182768     0.21087202      43.358632     0.16729161      68.736193     0.28455002
            105      48.580558     0.19924406      38.878671     0.15820462      61.611177     0.26911218
            110      43.808851     0.19277878      35.002933     0.15184657      55.651412     0.26140967
            115      38.998996     0.18017508      31.104405     0.14175367      49.635773     0.24289856
            120      35.092808     0.17133862      27.990094     0.13504261      44.649294     0.23278752
            125      31.277198     0.16120616      24.898073     0.12631238      39.890425      0.2175347
            130      27.778519     0.15255648      22.121151     0.12136136      35.392905     0.21150236
            135      25.023112     0.14507887      19.923613     0.11425804      31.893106     0.19834839
            140      21.898066     0.13521617      17.476976     0.11270695      27.803906     0.19877515
            145      20.132412     0.13124076      15.980447     0.10240246       25.74449     0.17877346
            150      17.847961     0.12419032      14.183096    0.097342425      22.775515     0.17031024
            155      16.076534     0.11899414      12.772862    0.092977937      20.514764     0.16482143
            160      14.440445     0.11070755      11.481185    0.087315784       18.40377     0.15350207
            165      13.090122     0.10557155      10.382789    0.082644881      16.735805     0.14629486
            170      11.798483     0.10089791      9.3479786    0.078746545       15.10592     0.13835665
            175      10.977126    0.095937218      8.6903263     0.07495253      14.060449     0.13128933
            180      9.6278679    0.090833186      7.6222817    0.070916223       12.32745     0.12584655
            185      8.6817254    0.085890896      6.8627493    0.066704284      11.131973     0.11791724
            190      7.9861002    0.082586152      6.2990427      0.0641688      10.273238      0.1145406
            195      7.3374095    0.080385209      5.8133583    0.062798331      9.3797493     0.11164038
            200      6.7632445    0.076239462      5.3693286    0.059866199      8.6191464     0.10730738
            205      6.1545846    0.072286518      4.8828441    0.058595926      7.8486125      0.1087318
            210      5.5844802     0.07012162      4.4112682    0.054109495       7.162355    0.096515846
            215      5.0070296    0.067367487      3.9698559    0.052257252      6.3858219    0.094670359
            220      4.6020736    0.063276023      3.6340516    0.048895557      5.9034998    0.087527384
            225      4.3900831    0.061952814       3.457443    0.047604722      5.6495742     0.08552386
            230      3.9557726    0.058388055      3.1153068    0.045307384      5.0913451    0.081206367
            235      3.6101185    0.077585381       2.841406    0.056474996      4.6485119       0.112673
            240      3.3151658    0.053273766      2.6155398    0.041133251       4.254009    0.074447077
            245      3.0484401    0.050808118      2.3967024    0.039193007      3.9307828    0.069619592
            250      2.8515707    0.053236237      2.2449856    0.040386968      3.6676639    0.076176752
            255      2.6757864    0.049615696      2.1120764    0.038125355      3.4301005     0.07074981
            260      2.4146736    0.045713655      1.9049858    0.035303035      3.0949235    0.063967685
            265      2.2400414    0.044148869      1.7716982    0.034379332      2.8628188    0.061433391
            270       2.075273    0.042295122      1.6265746    0.032327899      2.6845039    0.058846882
            275      1.9623789    0.042354524      1.5523863    0.032537017      2.5055005    0.059507581
            280      1.8262616    0.040139698      1.4436529    0.030957566      2.3330256    0.056234849
            285      1.6914964    0.038356411      1.3378099    0.030115083      2.1596526    0.055668785
            290      1.4984124    0.036025489      1.1791541    0.027612564      1.9251464    0.050103373
            295      1.4088293    0.035135235      1.1042003    0.026835863      1.8209983    0.048955763
            300      1.3793602     0.03471591      1.0856043    0.026613836      1.7730107    0.048967371
            305      1.1920781    0.032493191     0.95106004    0.025277716      1.5018255    0.046515741
            310      1.1586572    0.032215263     0.90808313    0.024529496      1.4970595    0.045092715
            315      1.0869131    0.030934366     0.84535125    0.023456963      1.4193013    0.043395145
            320      1.0736882    0.034500132     0.84676404    0.026113842      1.3744869    0.050059304
            325     0.86698903    0.028022737     0.68307268    0.021287468      1.1115688    0.040302569
            330     0.91744989    0.028055049     0.72473054    0.021461945      1.1723729    0.039887874
            335     0.86558177    0.027697815     0.68255991    0.021358464      1.1076889    0.038750799
            340     0.74109309    0.025542113     0.58452207    0.019390258     0.94737714    0.036282563
            345     0.77201897    0.025240737     0.60910611    0.020080947     0.98636975    0.035848649
            350     0.66462492    0.024218042     0.52366226    0.018646415     0.85171723    0.033853731
            355     0.63995021    0.025391449     0.50399703    0.019111242     0.81917043    0.036542625
            360     0.58084143    0.023302753     0.47916164    0.026117125     0.69495756    0.055391591
            365     0.53290417    0.029125397     0.41672545    0.020970749     0.68928708    0.042859871
            370     0.49334885    0.021074051     0.38633221    0.016115787     0.63689551    0.030100298
            375     0.53186226    0.022885405     0.41562648    0.017296778     0.68813933     0.03242871
            380     0.44436508     0.01995617     0.34804666    0.015150094     0.57268732    0.028435202
            385     0.43609374    0.019556049     0.33809591      0.0147852     0.57014406    0.027390633
            390     0.43258994    0.019783542     0.33923221    0.015109712     0.55727793    0.027618677
            395     0.35010468    0.017896108      0.2848555    0.016482138     0.42473252    0.036754727
            400     0.36259943    0.018116473     0.28321195    0.013707558     0.46888073    0.025219384
            405     0.36838557    0.017933904     0.29063511    0.013795248     0.46994021    0.024725799
            410     0.31150949    0.017016017     0.24549868    0.012863314     0.39871787    0.024467703
            415     0.29630238     0.01606366     0.23777247     0.01262646     0.36806648    0.022230334
            420     0.28751468    0.016540656     0.22841403     0.01272865     0.36287386    0.023481977
            425      0.2612758    0.015226116     0.20881505     0.01166703     0.32611634    0.022642243
            430     0.26396203    0.015502375     0.20710645    0.011769803     0.33886275    0.022062467
            435      0.2674651    0.015621244     0.20761226    0.011660883     0.34911969    0.022180148
            440     0.21552019    0.014025402     0.17023122    0.010685487     0.27402187    0.019820264
            445     0.24491153    0.031906134     0.19096658    0.021587703     0.31736051    0.049407743
            450     0.20126161    0.013839862     0.15852014    0.010385457     0.25710279     0.02028425
            455       0.199666    0.013124372     0.15766902    0.010238094      0.2537712    0.018368709
            460     0.16900894    0.012672743     0.13221825   0.0094401073     0.21774923    0.018235998
            465     0.17196399    0.013079147     0.13365807   0.0097117639      0.2235517    0.018876016
            470     0.15005116     0.01209243     0.11611744   0.0088876645     0.19645983    0.017475217
            475     0.14204835    0.011718121     0.11266335   0.0088280725     0.17876942    0.016880649
            480     0.14070472    0.011439031     0.10840642   0.0084426766     0.18551829    0.016479852
            485     0.13637466    0.011417102      0.1043915   0.0083531514     0.18127165    0.016609814
            490      0.1493709    0.011711086     0.11714758    0.008930329      0.1916338    0.017187606
            495     0.12829459    0.010397465      0.1179351    0.020237576     0.13183026     0.01230905
            500     0.13783207     0.02142958     0.10641046    0.014580518     0.18061897    0.033053562
            505     0.12557299    0.010609095    0.099008917   0.0081502717     0.15997106    0.014700108
            510     0.10315368   0.0096786591    0.082627634   0.0075001298     0.12858942    0.013759873
            515     0.11606661    0.010288165    0.087258937   0.0075280028     0.15801764    0.014784867
            520      0.1098222    0.010354961    0.088691122   0.0084775123      0.1349366    0.015600436
            525     0.12928648    0.022675584     0.10147252    0.020342911     0.16557245    0.030570503
            530    0.078074743   0.0088310383     0.06064622    0.006508346     0.10113207    0.012831019
            535    0.092514841   0.0091168769    0.077159541   0.0082855644     0.10820065    0.014890616
            540    0.081711712   0.0085184941    0.065395425   0.0064575157      0.1015072    0.012532696
            545    0.074294232   0.0086095955    0.059488057   0.0063116514    0.092038996     0.01272462
            550    0.060206141   0.0078424888    0.047716693   0.0057054036    0.076166594    0.011820165
            555    0.079774881    0.016288418    0.062660744    0.011030753     0.10213204    0.025521803
            560    0.090913936   0.0093276696    0.068037972    0.006812064     0.12436911    0.013427177
            565    0.060684074   0.0074649565    0.046676675   0.0054469779     0.08000372    0.010900107
            570    0.064640236   0.0077219945    0.050757382   0.0060360522    0.082899547     0.01132949
            575    0.061255117   0.0075795164    0.048983583   0.0057132644    0.076127559    0.010914013
            580    0.059723739   0.0071824156    0.046254567   0.0054250098    0.077941339    0.010084252
            585     0.07151122    0.016042588    0.055050591    0.011048774    0.093821397    0.024406233
            590    0.052265846   0.0065231967    0.040035216    0.004982508    0.069122559   0.0089210406
            595    0.038284448    0.006405884    0.031402992   0.0046816095    0.045938681   0.0097701974
            600    0.050270275   0.0066203877    0.042045197   0.0064475987     0.05793649    0.011944983
            605    0.034023562   0.0061634062     0.02738937   0.0046598878    0.042229565   0.0087635014
            610    0.038523385   0.0061661498    0.031738839   0.0046494115    0.045474429   0.0097561117
            615    0.036635374   0.0059014025    0.029260335   0.0045267045    0.045652598   0.0080865873
            620    0.038294921   0.0058324061    0.029049665   0.0043261119    0.051459665   0.0082332394
            625    0.038362244   0.0055432543    0.028783031   0.0041759778    0.052147893   0.0076707597
            630    0.038284448     0.00562635    0.028944527   0.0042081751    0.051459409   0.0078419785
            635    0.031393248   0.0057805359    0.025166162    0.004291267    0.038842559   0.0082159016
            640    0.023736358   0.0045296246    0.018142224    0.003346105    0.031459508   0.0064643018
            645    0.038005944   0.0069972731    0.028884114   0.0049861101    0.050792205    0.010317209
            650    0.036042637   0.0057676046    0.027634291   0.0042044252    0.047769941   0.0084064264
            655     0.02220498   0.0042629626    0.016764094   0.0031724315    0.029984744   0.0059614717
            660    0.033690315   0.0051928843    0.025060669   0.0038334703    0.046403228    0.007463097
            665    0.025267736   0.0046572713    0.019604468   0.0035068165     0.03276502   0.0065527368
            670    0.031151102   0.0057772949    0.023860906   0.0041612361    0.041159193   0.0084725977
            675    0.022423976   0.0047337681    0.016980433   0.0033780114    0.030174902    0.007130848
            680    0.028992775   0.0068443067    0.021744252   0.0047575362    0.039305866    0.010387375
            685    0.027396397   0.0049031006    0.020780116    0.003504055    0.036875374   0.0073849722
            690    0.022537283    0.004334985    0.016701988   0.0031880846    0.031158071   0.0061094132
            695    0.022970669   0.0041936415    0.017339469    0.003189904     0.03088628   0.0057250174
            700    0.026530984   0.0049038321    0.021397028    0.003862251    0.032073228   0.0068120064
            705    0.020673602   0.0042629488    0.016275354   0.0032438619    0.026170689   0.0058750431
            710    0.013782401   0.0034240939    0.011127598   0.0027144582    0.016841142   0.0044890246
            715    0.023125157   0.0063351231    0.017402795   0.0042537529    0.031484902    0.010250941
            720    0.028946161    0.017809004    0.020674193    0.011848102    0.041595276    0.027744788
            725    0.016845157     0.00359122    0.013060098   0.0028229809    0.021759783   0.0047932286
            730    0.013408031   0.0043532879    0.010600965   0.0031331886    0.016964035   0.0063918895
            735    0.013016712   0.0036719317   0.0098591143   0.0026482082    0.017522736   0.0053597418
            740     0.01454809   0.0035086522    0.011380374   0.0026585121    0.018742697    0.004870179
            745   0.0099539566   0.0031568772   0.0088607993   0.0024315926    0.010208898   0.0044261032
            750   0.0099539566   0.0039784376   0.0086550788   0.0028710087     0.01084624   0.0053176196
            755    0.014731122   0.0039016883    0.010603504   0.0027544699    0.021088287   0.0057466935
            760    0.010719646   0.0030625836   0.0094003346   0.0026828411    0.011276142   0.0040271226
            765    0.017610846   0.0038282534    0.013602657   0.0029171163    0.022868661   0.0055448879
            770    0.017493228   0.0049316159     0.01242809   0.0034156166     0.02536313   0.0073924979
            775   0.0091915353   0.0030634212   0.0069375788   0.0022065853    0.012406909   0.0044794348
            780   0.0099539566   0.0031568586   0.0081402952   0.0024269625    0.011880236    0.004359207
            785    0.018689567   0.0041220732    0.014145906   0.0030357426     0.02493313   0.0058638319
            790   0.0070910039   0.0028225195   0.0054004724   0.0019230263   0.0092967127   0.0045179632
            795    0.011965748   0.0049325362   0.0089423228   0.0034559921    0.016395433   0.0073273193
            800   0.0091882676   0.0026522918   0.0077133071   0.0022849229    0.010462541   0.0032766516
            805    0.010719646   0.0028647821   0.0088559056   0.0024071312    0.012675232   0.0035442083
            810   0.0045941338   0.0026522918   0.0040517914   0.0018093718   0.0047522048   0.0029941743
            815   0.0068912007    0.002296952   0.0050739173   0.0017006228   0.0095907481   0.0032240897
            820   0.0061255117   0.0026522918   0.0048608465   0.0019280149   0.0076200001   0.0039560444
            825   0.0045941338   0.0021655871   0.0035905512   0.0015514012   0.0058788189   0.0031783427
            830   0.0091882676   0.0030626027   0.0071193307   0.0021557009    0.011941516   0.0046394512
            835    0.017610846   0.0036719317    0.013057165   0.0027427292    0.024451496   0.0051586572
            840   0.0045941338   0.0021655871   0.0036258071    0.001659421   0.0057997835   0.0030628253
            845   0.0045941338   0.0021655871   0.0031862401   0.0014362096    0.006857185   0.0034254816
            850   0.0096597636   0.0042839113   0.0068983858   0.0029315336    0.013930787   0.0065229392
            855   0.0091882676   0.0032483807   0.0076893307   0.0021645567    0.010661437   0.0060335965
            860   0.0091882676   0.0026522697   0.0066775591   0.0019338877    0.012956378   0.0037595394
            865   0.0062801377   0.0022249588   0.0042919292   0.0015346252   0.0095952953   0.0034050419
            870   0.0061255117   0.0026522918   0.0054914291   0.0018927259   0.0064173623   0.0030061313
            875   0.0045941338   0.0018754535   0.0030580906   0.0012536611   0.0072335237     0.00296994
            880   0.0053598228    0.002296952   0.0041888189   0.0017285369   0.0069081496    0.003283949
            885   0.0030627559   0.0018754535    0.002233996   0.0012631699   0.0043097638   0.0029179532
            890   0.0053598228    0.002296952   0.0048899606   0.0016545102   0.0056154921   0.0026007746
            895   0.0053598228   0.0020257213   0.0040921653   0.0015836436      0.0070725   0.0028052169
            900   0.0030627559   0.0015313014   0.0027627362   0.0014252924   0.0031788976   0.0016802581
            905   0.0022970669   0.0013261459   0.0020679331   0.0012489126   0.0024050984   0.0013904885
            910  0.00076568897    0.002296952 -0.00059402756   0.0034598689   0.0012010256   0.0018562561
            915   0.0076568897      0.0024212   0.0054814173   0.0017395926    0.010975236   0.0034901891
            920   0.0053598228   0.0020257213   0.0040677559   0.0015509453   0.0072286219   0.0027862047
            925   0.0022970669    0.001712047   0.0020407481   0.0012525861   0.0023761812   0.0022597097
            930   0.0030627559   0.0015313014   0.0023366929   0.0011706878    0.004071496   0.0020437535
            935   0.0061255117   0.0021655871   0.0045720275   0.0016278585   0.0082996063   0.0029783824
            940   0.0022970669   0.0013261459   0.0015775788  0.00091201678   0.0034647638   0.0020036666
            945   0.0038284448   0.0020257213   0.0029360433   0.0015000198   0.0051457874   0.0028857458
            950   0.0022970669   0.0013261459   0.0015823032  0.00092024301   0.0034720078   0.0020248949
            955   0.0015313779   0.0018754535   0.0012376772   0.0030038035   0.0015666338   0.0016827377
            960   0.0045941338   0.0018754535   0.0033066536   0.0013594886    0.006528937    0.002696399
            965   0.0038284448    0.001712047   0.0026152757   0.0011804062    0.005836122   0.0026444871
            970   0.0030627559   0.0015313014   0.0026467717   0.0013712843   0.0032418327   0.0018640875
            975              0   0.0010827936  -0.0002001378   0.0020501218  8.9389774e-05  0.00059069201
            980  0.00076568897    0.001712047  -0.0011090945   0.0028666923   0.0014035256   0.0012488685
            985   0.0053598228   0.0022969776   0.0044166143   0.0017677106   0.0062815551   0.0031368769
            990   0.0015313779   0.0015313014   0.0013898819   0.0010637525   0.0015991536   0.0017157045
            995   0.0022970669   0.0013261459   0.0016330118  0.00094391843   0.0033172047   0.0019186619
           1000   0.0022970669   0.0013261459   0.0016330118  0.00094391843   0.0033172047   0.0019186619
