#   pt_bb-ptj30        central        num_err    min (scale)        num_err    max (scale)        num_err
              0      133.82558     0.33225529      105.38032     0.25851283      173.53979     0.45697827
              5      313.44527     0.50763969      247.64195     0.39812526      404.85229     0.70482144
             10      354.88735     0.53676298      281.11569     0.42089085      457.10491      0.7387071
             15      330.23304     0.51310002      262.23652     0.40296075      424.22102     0.69704145
             20       287.1314     0.48262819      228.89311     0.38168804      367.18883     0.65921732
             25      241.80099     0.44222838      193.18984     0.34909703      308.51364     0.59432783
             30      203.29897      0.4068813      162.78155     0.32174141      258.78643     0.54572343
             35      171.08909     0.37271807      137.38353     0.29560946      217.07675     0.49742037
             40      144.46229     0.34255226      116.33782     0.27305485      182.66893     0.45806887
             45       121.6812     0.31694646      98.209077     0.25383355      153.46936      0.4254755
             50      103.71252     0.29063057      83.775973     0.23278854      130.71897     0.38712302
             55      88.105023     0.27006151      71.324321      0.2161398      110.75905     0.35872461
             60      75.058102     0.25027947      60.971599     0.20059244      93.936903     0.33185384
             65      64.596551     0.23072702       52.49944     0.18596076      80.827403      0.3060495
             70      55.629021     0.21425641      45.258076     0.17217296      69.433308     0.28233122
             75      48.276311     0.20004933      39.288932     0.16143481      60.159287     0.26769336
             80      41.718564     0.18621056      33.893359     0.15003863      52.094833     0.24955418
             85      36.396427     0.17448095      29.646835     0.14992376      45.284014     0.25367547
             90      31.688859     0.16285341      25.858037     0.13760633      39.307792     0.23381108
             95      27.836078     0.15238762      22.633188     0.12280135      34.677263     0.20597272
            100      24.236361     0.14259886       19.68265     0.11408391      30.240917     0.18942759
            105      21.841425     0.13518005      17.733828     0.10855183      27.254206     0.18113467
            110      19.113799     0.12722557      15.511181     0.10175317      23.856406      0.1702898
            115      16.905645     0.11969807      13.701704    0.095568957       21.13692     0.16012769
            120      14.957385      0.1122879      12.146296     0.09100104      18.645315      0.1540456
            125      13.407203     0.10771666      10.897607    0.086428801      16.686129     0.14670711
            130      12.088083     0.10049949      9.7879005    0.080204564      15.115108     0.13448579
            135      10.831467    0.096960785       8.780919    0.077010268       13.52095      0.1304825
            140      9.7427672    0.091101829      7.8727732    0.072186373      12.211454     0.12190301
            145      8.6323257    0.086032378      6.9988765    0.068400625      10.763563     0.11564141
            150      7.7097731    0.086183908      6.2937526    0.070950468      9.5220205     0.12187049
            155      7.0793384     0.08072186      5.7415873    0.063563047      8.8226088     0.10857243
            160      6.3610145    0.073710578      5.1775497    0.062614244      7.8801472     0.10998915
            165      5.7154553    0.069910257      4.6298955    0.055405002      7.1300401     0.09393691
            170       5.351164     0.07235408      4.3137801    0.056401814      6.7182807      0.0986477
            175      4.8615156    0.065329006      3.9310462     0.05171318      6.0762734    0.088404442
            180      4.3103491    0.060391841      3.4786935    0.047875817      5.3995107    0.081141572
            185      3.8748506    0.058624649       3.133058    0.046013144      4.8395171    0.079492848
            190      3.5790499    0.056878893      2.9195826    0.044975148        4.41629    0.078101592
            195       3.448874    0.054697472      2.7824241    0.043102522      4.3212869    0.073948975
            200      3.0250776     0.05456159      2.4342918    0.042326581      3.8016892    0.074128386
            205      2.8269341     0.05064285      2.3025761    0.040383013      3.4937244    0.070308322
            210      2.5831841    0.049446407      2.0898764    0.038848798      3.2204961     0.06715513
            215      2.3506128    0.045947263        1.90127     0.03624014      2.9322148    0.062451061
            220      2.1271754    0.043315207      1.7343731     0.03490714      2.6215045    0.061900724
            225      1.9613574    0.041762654      1.5835598     0.03310149       2.450442    0.057306451
            230      1.8772527    0.040602073      1.5250325    0.032121679      2.3243015    0.056049015
            235      1.7183164    0.038877461       1.378581     0.03044304      2.1656522    0.052292483
            240      1.5895446    0.041160362      1.2862955    0.031501981       1.979695    0.057505991
            245      1.4535302    0.038473614      1.1746175    0.029587493      1.8118297    0.053667403
            250        1.33529    0.034377416      1.0738472    0.026933112      1.6760375    0.046777386
            255      1.2628488    0.033166705      1.0243308    0.026188627      1.5666717     0.04537839
            260      1.1822264    0.037119688     0.94862074    0.027920559      1.4871315    0.052694297
            265      1.0897488    0.030920067     0.90053365    0.030935128      1.3131284    0.061206126
            270     0.99903974    0.030004889     0.80016356    0.023338444      1.2602556    0.040768096
            275     0.90817671    0.028520493     0.73824811    0.023197578      1.1210165    0.040471052
            280     0.84991545    0.027582335     0.69063208    0.021578128       1.051099    0.037705966
            285      0.8151394    0.027291623     0.65496612    0.021269892      1.0233016    0.037175416
            290     0.78178041    0.030000942     0.63238623    0.022777405     0.97116296    0.043446636
            295     0.72799104    0.027656077     0.58980188     0.02148591     0.90252175    0.038640404
            300     0.63103624    0.024789783     0.51041185     0.01915081     0.78392535    0.034772614
            305      0.6466074    0.024540076     0.51781321    0.019029997     0.81468152    0.033780747
            310     0.55945254    0.022755332      0.4514874    0.017681314     0.69760358    0.031251948
            315     0.55473882     0.02239399     0.44902764    0.017254955      0.6884348      0.0312686
            320     0.50257915    0.023582433     0.40110718    0.017853768     0.63560925    0.033267712
            325     0.46333441    0.020048525     0.37163463    0.015566688     0.58262063    0.027563383
            330     0.44208134    0.019950564     0.35688676    0.015605465      0.5498062    0.027675979
            335     0.42228039    0.019201111     0.33268925    0.014765097     0.54332174    0.026122673
            340        0.36193    0.018673751     0.29354617    0.014385122     0.44734671    0.025845853
            345     0.36363437    0.018169652     0.30191586    0.014815543     0.43433621    0.027105835
            350     0.34151447    0.018241638     0.28302301    0.014623539     0.40765998    0.026835502
            355     0.34054265    0.017268515     0.27160116    0.013383132      0.4305911    0.024022431
            360     0.30179053    0.017035448     0.24518813    0.013045509     0.37244109    0.023764905
            365     0.24819527    0.015123749     0.20338926    0.011853207     0.30194906     0.02185766
            370       0.279716    0.015927454     0.22384218    0.012263535     0.35221207     0.02178529
            375     0.23777486    0.014713665     0.19292868    0.011555417     0.29385926    0.019896392
            380     0.25276882    0.015726409     0.20673312    0.012346105     0.30834937    0.022266225
            385     0.24436671    0.017387564     0.19389026    0.013043593      0.3114797    0.024926034
            390      0.2104564     0.01500658     0.17436986    0.011542685       0.251608    0.021990514
            395     0.18305716    0.013303205     0.14810972    0.010288318     0.22714336    0.018155033
            400     0.20974579    0.014552025     0.17098232    0.011170776     0.25620226    0.020534637
            405     0.17707785    0.012892211     0.14199127   0.0099221738     0.22233104    0.018241938
            410     0.17953252    0.012946721     0.14548622    0.010070823     0.22184021    0.017652687
            415     0.18100836    0.012990575     0.14720564    0.010736754     0.22237474     0.01898813
            420     0.17626943    0.012064015     0.14063649   0.0094669471     0.22230607    0.016271485
            425        0.15345    0.012302286     0.12641849   0.0098768053     0.18409321    0.020267402
            430     0.12743407    0.010646129     0.10153228   0.0082719906     0.16081285    0.014535298
            435     0.12593474    0.012024451     0.10146239   0.0089663452     0.15692049    0.017319176
            440     0.11592677     0.01133716    0.093841811   0.0085661522     0.14339156    0.016321168
            445     0.12983071     0.01060801     0.10373215   0.0082720388     0.16334832    0.014316361
            450     0.11147266    0.010320075    0.090429976   0.0077969001     0.13747067    0.014822293
            455      0.1170598    0.010161982    0.093418287   0.0078397859     0.14751297    0.014026165
            460     0.10600327    0.011051819    0.084437193   0.0081263725     0.13389069    0.016253305
            465     0.10790421    0.010287478    0.086033782   0.0079943541     0.13645746    0.014261683
            470    0.084472617    0.010062047     0.06735626   0.0072544943     0.10686971    0.015128213
            475    0.099515964    0.010142854    0.078892303   0.0077439579     0.12680016    0.014454252
            480    0.081341318   0.0089168249    0.064520748   0.0067289265     0.10369372    0.012529143
            485    0.073768031   0.0083323656    0.060191634   0.0066009543    0.089939587    0.011279735
            490    0.068046889   0.0085340734    0.055647537   0.0064111506    0.082557303    0.012260057
            495    0.065758444   0.0080947503    0.053523563   0.0064651104     0.08031867    0.011765426
            500    0.059412145   0.0079713096    0.048400697   0.0060447774    0.072783583    0.011295555
            505    0.078019251   0.0084289963    0.061841901   0.0064397687    0.099111515    0.011761288
            510    0.043644271   0.0065416864    0.036649547   0.0051471769    0.051140315   0.0087370854
            515    0.065620117   0.0085802883    0.051088071   0.0062303096    0.085410296    0.012503422
            520    0.058228976   0.0075833255    0.046476057   0.0056215288    0.073278996      0.0109229
            525    0.055129606   0.0071824156    0.044208976   0.0055905359    0.069003012    0.009853747
            530    0.048434625   0.0064638367    0.037957343   0.0050055561    0.062252819   0.0087868093
            535    0.082770314    0.029651731     0.06072374    0.019571576      0.1161201     0.04657617
            540    0.036062834   0.0061824499    0.030168079   0.0046439539    0.042282835   0.0088984283
            545    0.053598228   0.0069332364    0.043523917   0.0052941052    0.065780689   0.0098081625
            550    0.039123307   0.0061823461    0.031583398   0.0046868843    0.048456451   0.0087216225
            555    0.031339901   0.0060633169    0.024753327   0.0043546315    0.039887864   0.0090033706
            560    0.042368976   0.0064224488    0.033949959   0.0048168948    0.052933937   0.0091775043
            565    0.049331909   0.0065404359    0.040155579   0.0051241631       0.060239   0.0090690717
            570    0.036889094   0.0056464574    0.028929114   0.0043910463    0.047468223   0.0077203914
            575     0.03675307     0.00562635    0.029189764   0.0043554741    0.046662658   0.0076842843
            580     0.02675811   0.0062402429    0.024088937   0.0049648562    0.027484331   0.0082857772
            585    0.032158937   0.0051928843    0.025933917   0.0041231314    0.039860965   0.0067765248
            590    0.028295118   0.0052153755    0.022892461   0.0039022823    0.034690768   0.0077336942
            595    0.027564803   0.0054139571    0.024322266   0.0043337567    0.029229724   0.0074081471
            600    0.023344094   0.0047945291     0.01934939   0.0037760254    0.027768327   0.0063578695
            605    0.024502047   0.0049619835    0.021050315      0.0101327    0.024862736   0.0050732615
            610    0.022970669   0.0044644592    0.018585472   0.0035869562    0.028245906   0.0064081658
            615    0.023736358   0.0049025684    0.020282264     0.00381044    0.026605472   0.0067878774
            620    0.021547244   0.0044842464    0.016990197   0.0034004411    0.027375984   0.0064420718
            625    0.016079468    0.004398315    0.013915018   0.0032369501    0.017723091   0.0065237771
            630    0.022680925    0.005856393    0.016622874   0.0040943648    0.031883799   0.0088533144
            635    0.015796181   0.0038218948      0.0122175   0.0029004445    0.020734469   0.0052372861
            640    0.021439291   0.0044644723    0.017581457   0.0035407402    0.025775161   0.0059433344
            645    0.017255984   0.0045529359    0.015086673   0.0033408132    0.018583779   0.0071636578
            650    0.019544016   0.0048638492    0.015393258    0.003509866    0.025132362   0.0072103413
            655    0.017741122   0.0042877028    0.013780354   0.0031448912     0.02316689   0.0061372972
            660   0.0038284448   0.0029653523   0.0011274406   0.0046765569   0.0047589764   0.0026988524
            665    0.017343208   0.0038832926    0.012948327   0.0028220135    0.023942205   0.0056580477
            670    0.015313779   0.0037508914    0.012400984   0.0027865976    0.018846693   0.0054125905
            675    0.012251023   0.0034240768   0.0099553543   0.0025731662    0.014886457   0.0048037793
            680    0.015313779   0.0034240939    0.012021279   0.0027012514    0.019697008   0.0044441033
            685    0.016079468   0.0036719317    0.014290748     0.00337097    0.017000216    0.004351383
            690   0.0076568897   0.0026522918   0.0056931496   0.0019483761    0.010607795   0.0037746188
            695   0.0091882676   0.0026522918   0.0066945473    0.001945491     0.01301565   0.0037905789
            700    0.012251023   0.0032483807   0.0094530905   0.0023766152    0.016001063   0.0048154834
            705   0.0053598228   0.0029653523   0.0046360827   0.0021663637   0.0058694881   0.0043368375
            710    0.012251023     0.00359122    0.009939311   0.0027613969    0.015045807   0.0048554975
            715    0.014998976   0.0036292262    0.011752382   0.0028146193    0.019280748   0.0048945128
            720    0.011485334   0.0029653523   0.0088355512   0.0022914365    0.015196024    0.003953846
            725   0.0099539566   0.0033373764   0.0085816142   0.0024211495    0.011032244   0.0054404501
            730     0.01156313   0.0035433111   0.0088838583   0.0026216746    0.015302323   0.0050314431
            735   0.0038284448   0.0020257213   0.0035373228   0.0016919171   0.0039411811   0.0024745351
            740   0.0084259841   0.0025404048   0.0061126378   0.0018511366    0.011981102   0.0036352847
            745   0.0084225786   0.0027605928   0.0063275591   0.0020280103    0.011510689   0.0039215042
            750   0.0091882676   0.0028648025   0.0076951771   0.0023563813    0.010775354   0.0038461876
            755   0.0022970669   0.0013261459    0.001670689  0.00096827764   0.0032567126   0.0018912859
            760   0.0030627559   0.0018754535   0.0022461476   0.0025865152   0.0031837598   0.0017184722
            765   0.0099539566   0.0027605928    0.007499252   0.0021133193     0.01344185   0.0038381237
            770   0.0068912007    0.002296952   0.0050787007   0.0017067295   0.0096191142   0.0032476122
            775   0.0061255117   0.0026522918   0.0042960433    0.006476251   0.0064875787   0.0022347651
            780   0.0092959056   0.0051763129   0.0069756693   0.0036014638    0.012645118   0.0077269156
            785   0.0061255117      0.0024212   0.0045432087    0.001716345   0.0084497638   0.0035645185
            790   0.0091882676   0.0030626027   0.0074267913   0.0023087688    0.011211752   0.0043130854
            795   0.0045941338   0.0021655871   0.0037309252   0.0016119371    0.005581181   0.0030502212
            800   0.0030627559   0.0021655871   0.0027080118   0.0016921122   0.0032314172    0.002987871
            805   0.0045941338   0.0021655871   0.0038289567   0.0015542526   0.0053156889   0.0033465168
            810   0.0070282086   0.0028388768   0.0059271654   0.0022372159   0.0079737007   0.0041106457
            815    0.010719646   0.0028648025   0.0078929331   0.0021218169    0.014864409   0.0040126018
            820   0.0053598228   0.0020257213   0.0041023228   0.0015721525   0.0070390945   0.0027362861
            825   0.0049170275   0.0022996609   0.0035899213   0.0016325682    0.006930945   0.0033633817
            830   0.0061255117   0.0021655871   0.0052041142   0.0018686486   0.0069279527   0.0025653023
            835   0.0045941338   0.0021655871   0.0035630905   0.0016140724   0.0059655315   0.0030134848
            840   0.0022970669    0.001712047    0.001817126   0.0011731614   0.0029146063   0.0026616425
            845 -0.00076568897   0.0013261459   -0.002102874    0.002622541 -0.00014311023    0.000727325
            850   0.0022970669    0.001712047   0.0012080906   0.0038675415   0.0026108426    0.001236174
            855   0.0030627559   0.0015313014   0.0022620866   0.0011339121   0.0042668307   0.0021429098
            860   0.0022970669    0.001712047   0.0018175196   0.0012262218   0.0028891929   0.0024951898
            865   0.0053696653   0.0023035251   0.0037815945   0.0015966085   0.0078982874   0.0034849502
            870   0.0032173818    0.001614174   0.0024808859   0.0012629191   0.0042100394   0.0021649825
            875   0.0022970669    0.001712047    0.002008996   0.0021379088   0.0023368702   0.0018301354
            880   0.0030627559   0.0018754535     0.00255187   0.0013277794   0.0036364369   0.0028921563
            885  0.00076568897   0.0013261459  0.00069527562  0.00094293843  0.00078484253   0.0017635334
            890   0.0022970669   0.0013261459   0.0017711024   0.0010227366   0.0030206496   0.0017444897
            895   0.0038284448   0.0020257213   0.0029208661   0.0014794857   0.0051146654   0.0029245807
            900   0.0046763189   0.0022244571   0.0034959646   0.0016359664   0.0064167716    0.003189062
            905   0.0015313779   0.0010827936   0.0011219685  0.00079881004   0.0021499803   0.0015358968
            910              0   0.0010827936 -0.00041153543   0.0014892522  0.00017029526  0.00082182019
            915   0.0022970669   0.0013261459   0.0018268504   0.0010576169   0.0028836418   0.0016753969
            920   0.0030627559   0.0018754535    0.002370374   0.0012688022   0.0039048425   0.0029895867
            925   0.0030627559   0.0015313014   0.0022422638   0.0011356652   0.0042399607   0.0021736859
            930   0.0045941338   0.0018754535   0.0033787992   0.0013820599   0.0063943701   0.0026183292
            935  0.00076568897   0.0013261459  -9.388498e-05   0.0017109492   0.0010069488   0.0012007422
            940   0.0038284448    0.001712047   0.0028212992   0.0012673586   0.0053658858   0.0024120611
            945   0.0022970669   0.0013261459   0.0017127756  0.00099356501   0.0031630118   0.0018389303
            950   0.0020361417   0.0018364509   0.0015668504   0.0012119341   0.0027029331   0.0029215913
            955   0.0015313779   0.0010827936   0.0012288386  0.00087009204   0.0019116339   0.0013569651
            960   0.0030627559   0.0015313014   0.0025097835   0.0012557213   0.0037059449   0.0018558753
            965              0              0              0              0              0              0
            970   0.0022970669   0.0013261459   0.0016443307  0.00095021361   0.0032906299   0.0019024466
            975  0.00076568897  0.00076565068  0.00060385828  0.00060382809  0.00098129918  0.00098125012
            980   0.0030627559   0.0015313014   0.0022364764   0.0011311572   0.0042931299   0.0021909385
            985   0.0015313779   0.0010827936   0.0012455118  0.00088928909   0.0018552953   0.0013433597
            990  0.00076568897  0.00076565068  0.00051082679  0.00051080124   0.0011840157   0.0011839565
            995   0.0015313779   0.0015313014   0.0012824016   0.0010963533   0.0017315354   0.0022357688
           1000   0.0015313779   0.0015313014   0.0012824016   0.0010963533   0.0017315354   0.0022357688
