#  pt_bbZ-ptj30        central        num_err    min (scale)        num_err    max (scale)        num_err
              0      6.4801914    0.073944548      5.2512213     0.05883607      8.1935122    0.099647875
              5      22.874059     0.13916067      18.277543      0.1092469      29.483103     0.19019186
             10      44.888481     0.19428005      35.721504     0.15274857      58.056909     0.26660443
             15      72.863439     0.24699909      57.893496     0.19470286      94.281818     0.34236317
             20      110.22396     0.30291562      87.625006     0.23789656      142.28297     0.41530323
             25      154.27949     0.35658114      122.91042     0.28021263      198.32024     0.48579547
             30      210.15776     0.41644658      167.99986     0.32904816      268.46283     0.56783103
             35      236.63736     0.43876175      189.50592      0.3467949      301.36504       0.593247
             40      237.63357     0.43840946      190.39182     0.34696049      302.26254     0.59033741
             45      224.05596     0.42575426      179.51411      0.3380137      284.90897     0.57496117
             50       205.8719     0.41143269      165.02136     0.32586178      261.51809     0.55347339
             55      183.98795     0.38607548      147.52161     0.30726736      233.57627     0.51961921
             60      161.84707     0.36134826      129.77321     0.28748405      205.41113     0.48617224
             65      141.24767     0.33992862      113.30911     0.27040575      179.11471     0.45517592
             70      123.09885     0.31631279      98.834542     0.25587924      155.90876     0.43478716
             75      107.62071     0.30027002      86.390059     0.24005248      136.31944     0.40754832
             80      94.869488     0.27852269      76.131288      0.2214683      120.20836     0.37191854
             85      83.174705     0.26941132      66.711365     0.21297024        105.471     0.36264456
             90      73.377799     0.24448039       58.99485     0.19735419      92.722412      0.3334716
             95      64.772718     0.23037514      51.900555     0.18280621      82.085572     0.30955837
            100      56.757175     0.21569582      45.427294       0.171146      71.991183     0.29076091
            105      49.995798      0.2021518       40.03265     0.16059387      63.364803     0.27329361
            110      44.599843     0.19442746      35.638168     0.15315479      56.651698     0.26354131
            115      39.385669     0.18102539      31.414973      0.1424385      50.125001     0.24400956
            120      35.372226     0.17197534      28.217158     0.13556542      44.996702     0.23358748
            125      31.519969     0.16179157      25.096083     0.12681696      40.190599      0.2183979
            130      27.968954      0.1530555       22.27743     0.12181619      35.626301     0.21218196
            135      25.221252     0.14563219      20.087548      0.1147183      32.133273     0.19911124
            140      22.063249     0.13570253       17.60939     0.11308064      28.012806     0.19934108
            145      20.283252     0.13168215      16.101556     0.10276806      25.934904     0.17930177
            150      17.989042     0.12464201      14.299127    0.097717168      22.947522      0.1708672
            155       16.18847     0.11937736       12.86757    0.093326756      20.645633     0.16542947
            160      14.557596     0.11112092      11.576385    0.087661514      18.548823     0.15398192
            165      13.193354     0.10597023      10.466459     0.08296063      16.864218     0.14681348
            170      11.878128     0.10121036      9.4112744    0.078993214      15.207565     0.13875904
            175      11.045312    0.096226548      8.7465179     0.07519819      14.142919     0.13166687
            180      9.6991521    0.091139133      7.6786351    0.071154999      12.419374     0.12623953
            185      8.7406834    0.086166299      6.9114972    0.066933372      11.202921     0.11830674
            190      8.0414575    0.082850268      6.3433986    0.064386256      10.343051     0.11485557
            195      7.3894763    0.080646866      5.8546666    0.063004736      9.4464272     0.11196675
            200      6.8045917    0.076477114      5.4037682    0.060052963      8.6683961     0.10761276
            205      6.1989945    0.072529033      4.9187311    0.058779594      7.9041365     0.10905781
            210      5.6250617    0.070350812      4.4831758    0.066541108      7.1239636     0.13198548
            215      5.0422513    0.067567066      3.9978135    0.052420507        6.43077     0.09490482
            220      4.6349982    0.063483873      3.6603142    0.049060218      5.9451397    0.087800062
            225      4.4213525    0.062152755      3.4818614    0.047763249      5.6904752    0.085777891
            230      3.9818061    0.058558317      3.1359727    0.045450099      5.1246283    0.081417772
            235      3.6396861    0.077749833      2.8654554    0.056617387      4.6849955     0.11286587
            240      3.3335423    0.053416537      2.6295914    0.041236135      4.2785993    0.074650074
            245      3.0691137    0.050963523      2.4128374    0.039316768      3.9577335     0.06981533
            250      2.8684159    0.053357156      2.2583078    0.040487542      3.6891886    0.076317052
            255       2.685999    0.049720612      2.1208549    0.038212295      3.4418732    0.070889524
            260       2.428456    0.045841639      1.9168063    0.035420869      3.1106825    0.064128561
            265      2.2522924    0.044254896      1.7810641    0.034459159      2.8791927    0.061570172
            270      2.0884876    0.042416734      1.6370427       0.032428       2.701378     0.05899254
            275      1.9702896    0.042428973      1.5588843    0.032603508      2.5150601    0.059591686
            280      1.8392783    0.040263581      1.4541982    0.031063366      2.3491682    0.056371915
            285      1.7045131    0.038501259       1.349076    0.030243721      2.1741381    0.055822505
            290      1.5083663     0.03613106      1.1867241    0.027692642       1.938564    0.050242427
            295       1.421846    0.035276728      1.1144493    0.026951448      1.8377465      0.0491259
            300      1.3885484    0.034817046       1.093081    0.026701708      1.7842792    0.049076643
            305      1.2012664    0.032601215     0.95834712    0.025365748      1.5135451    0.046640387
            310      1.1686112    0.032333296     0.91600395    0.024628462      1.5097436    0.045231698
            315      1.0976327    0.031085559     0.85402974    0.023573081      1.4325142     0.04359982
            320      1.0790481    0.034559538     0.85078428    0.026158269      1.3818641    0.050137567
            325      0.8761773    0.028147934     0.69034719    0.021391468      1.1233992    0.040448869
            330     0.92510678    0.028159296     0.73089174    0.021550917      1.1818834     0.04000309
            335      0.8701759     0.02776122     0.68618001    0.021410009      1.1135422    0.038825867
            340     0.74415584     0.02561086     0.58724876    0.019437559     0.95049399    0.036400524
            345     0.77584742    0.025298721     0.61205404    0.020124334     0.99142635    0.035920343
            350     0.66768767    0.024266399     0.52638928    0.018696882     0.85488949    0.033892791
            355     0.64224728    0.025426049     0.50583225     0.01914065     0.82206709    0.036581012
            360     0.58620126    0.023390623     0.48328121    0.026163554     0.70205746    0.055456691
            365     0.53673261    0.029175672     0.41983029    0.021017431      0.6939874    0.042913304
            370     0.49564592    0.021115733     0.38814784    0.016150234     0.63983356    0.030149034
            375     0.53262795    0.022898207     0.41617363    0.017305427     0.68925181    0.032447781
            380     0.44589645    0.019985515     0.34907019    0.015167368     0.57506445    0.028484846
            385     0.43762511    0.019585999     0.33927947    0.014808961     0.57215861    0.027427897
            390     0.43718407    0.019872227     0.34281982    0.015181835     0.56326006    0.027730151
            395     0.35393313    0.017977807     0.28787151    0.016537522     0.42965736    0.036821212
            400     0.36566218    0.018181059     0.28549839    0.013755374     0.47306281    0.025306627
            405     0.37221401    0.018015419     0.29354078    0.013856394     0.47510667    0.024833877
            410     0.31457224    0.017119044     0.24814228    0.012938663     0.40211533    0.024617688
            415     0.29859945    0.016118307     0.23956007    0.012668851     0.37106995    0.022298687
            420     0.28904606    0.016576056     0.22963832    0.012758151     0.36480083    0.023521714
            425     0.26433856    0.015302917      0.2111566    0.011725713     0.33019077    0.022733953
            430     0.26472771    0.015521268      0.2076288    0.011781385     0.34002779    0.022093197
            435     0.26998533    0.015689911     0.20961205    0.011718206      0.3523152    0.022264183
            440     0.21628588    0.014046285     0.17082478    0.010701959     0.27503234    0.019846003
            445     0.24567722    0.031915319     0.19153918    0.021595295     0.31842396    0.049419185
            450     0.20355868    0.013903245     0.16035455    0.010440811     0.25998553     0.02035671
            455       0.199666    0.013124372     0.15766902    0.010238094      0.2537712    0.018368709
            460     0.17054031    0.012718918     0.13332931   0.0094728982      0.2199202    0.018300911
            465     0.17471455    0.013180386      0.1357178   0.0097858248     0.22731662    0.019015234
            470     0.15081685    0.012116645     0.11670437   0.0089070215     0.19747388    0.017504611
            475     0.14357972    0.011768041     0.11387144   0.0088695906     0.18069664    0.016936501
            480     0.14147041    0.011464626     0.10902577   0.0084653614     0.18645547    0.016506476
            485     0.13714035    0.011442746     0.10495376   0.0083720516      0.1823372    0.016643954
            490     0.15013659    0.011736088     0.11768614   0.0089465523     0.19275931    0.017224415
            495     0.12906027    0.010425618     0.11853663    0.020246513     0.13265061    0.012336354
            500     0.13783207     0.02142958     0.10641046    0.014580518     0.18061897    0.033053562
            505     0.12633868    0.010636688     0.09959498   0.0081713135     0.16098322    0.014734909
            510     0.10545075   0.0097690832    0.084287555   0.0075611741     0.13188593    0.013890981
            515     0.11606661    0.010288165    0.087258937   0.0075280028     0.15801764    0.014784867
            520      0.1098222    0.010354961    0.088691122   0.0084775123      0.1349366    0.015600436
            525     0.13081785    0.022701422      0.1026115    0.020358873     0.16758219    0.030603659
            530    0.078840432   0.0088641605    0.061201791   0.0065320077     0.10222351    0.012877343
            535    0.092514841   0.0091168769    0.077159541   0.0082855644     0.10820065    0.014890616
            540    0.081711712   0.0085184941    0.065395425   0.0064575157      0.1015072    0.012532696
            545    0.074294232   0.0086095955    0.059488057   0.0063116514    0.092038996     0.01272462
            550    0.060206141   0.0078424888    0.047716693   0.0057054036    0.076166594    0.011820165
            555    0.079774881    0.016288418    0.062660744    0.011030753     0.10213204    0.025521803
            560    0.091679625   0.0093590406    0.068788346   0.0068532636     0.12503469    0.013443661
            565    0.062215452   0.0075430775    0.047853309   0.0055102704    0.082019075    0.010993212
            570    0.065405925   0.0077598595    0.051334764   0.0060636014    0.083931831    0.011376416
            575    0.062020806   0.0076180896    0.049876417   0.0057826001    0.076435433    0.010918354
            580    0.059723739   0.0071824156    0.046254567   0.0054250098    0.077941339    0.010084252
            585     0.07151122    0.016042588    0.055050591    0.011048774    0.093821397    0.024406233
            590    0.052265846   0.0065231967    0.040035216    0.004982508    0.069122559   0.0089210406
            595    0.039050137   0.0064514782    0.032095335   0.0047325213    0.046726772   0.0098019274
            600    0.050270275   0.0066203877    0.042045197   0.0064475987     0.05793649    0.011944983
            605    0.034023562   0.0061634062     0.02738937   0.0046598878    0.042229565   0.0087635014
            610    0.039289074   0.0062135033    0.032295413   0.0046826031    0.046562283   0.0098165688
            615    0.036635374   0.0059014025    0.029260335   0.0045267045    0.045652598   0.0080865873
            620    0.038294921   0.0058324061    0.029049665   0.0043261119    0.051459665   0.0082332394
            625    0.038362244   0.0055432543    0.028783031   0.0041759778    0.052147893   0.0076707597
            630    0.039050137   0.0056782071     0.02967563   0.0042712053     0.05216687   0.0078738223
            635    0.031393248   0.0057805359    0.025166162    0.004291267    0.038842559   0.0082159016
            640    0.023736358   0.0045296246    0.018142224    0.003346105    0.031459508   0.0064643018
            645    0.038005944   0.0069972731    0.028884114   0.0049861101    0.050792205    0.010317209
            650    0.036042637   0.0057676046    0.027634291   0.0042044252    0.047769941   0.0084064264
            655     0.02220498   0.0042629626    0.016764094   0.0031724315    0.029984744   0.0059614717
            660    0.033690315   0.0051928843    0.025060669   0.0038334703    0.046403228    0.007463097
            665    0.025267736   0.0046572713    0.019604468   0.0035068165     0.03276502   0.0065527368
            670    0.031916791   0.0058278089    0.024360158   0.0041910755    0.042380275   0.0085601288
            675    0.023189665   0.0047952874    0.017556437   0.0034267636    0.031215217   0.0072063264
            680    0.028992775   0.0068443067    0.021744252   0.0047575362    0.039305866    0.010387375
            685    0.027396397   0.0049031006    0.020780116    0.003504055    0.036875374   0.0073849722
            690    0.022537283    0.004334985    0.016701988   0.0031880846    0.031158071   0.0061094132
            695    0.022970669   0.0041936415    0.017339469    0.003189904     0.03088628   0.0057250174
            700    0.026530984   0.0049038321    0.021397028    0.003862251    0.032073228   0.0068120064
            705    0.019907913   0.0043311608    0.015801614    0.003278269    0.024888366    0.006013345
            710    0.013782401   0.0034240939    0.011127598   0.0027144582    0.016841142   0.0044890246
            715    0.023125157   0.0063351231    0.017402795   0.0042537529    0.031484902    0.010250941
            720    0.028946161    0.017809004    0.020674193    0.011848102    0.041595276    0.027744788
            725    0.016845157     0.00359122    0.013060098   0.0028229809    0.021759783   0.0047932286
            730    0.013408031   0.0043532879    0.010600965   0.0031331886    0.016964035   0.0063918895
            735    0.013016712   0.0036719317   0.0098591143   0.0026482082    0.017522736   0.0053597418
            740     0.01454809   0.0035086522    0.011380374   0.0026585121    0.018742697    0.004870179
            745   0.0099539566   0.0031568772   0.0088607993   0.0024315926    0.010208898   0.0044261032
            750   0.0099539566   0.0039784376   0.0086550788   0.0028710087     0.01084624   0.0053176196
            755    0.014731122   0.0039016883    0.010603504   0.0027544699    0.021088287   0.0057466935
            760    0.010719646   0.0030625836   0.0094003346   0.0026828411    0.011276142   0.0040271226
            765    0.017610846   0.0038282534    0.013602657   0.0029171163    0.022868661   0.0055448879
            770    0.017493228   0.0049316159     0.01242809   0.0034156166     0.02536313   0.0073924979
            775   0.0091915353   0.0030634212   0.0069375788   0.0022065853    0.012406909   0.0044794348
            780   0.0099539566   0.0031568586   0.0081402952   0.0024269625    0.011880236    0.004359207
            785    0.018689567   0.0041220732    0.014145906   0.0030357426     0.02493313   0.0058638319
            790   0.0070910039   0.0028225195   0.0054004724   0.0019230263   0.0092967127   0.0045179632
            795    0.011965748   0.0049325362   0.0089423228   0.0034559921    0.016395433   0.0073273193
            800   0.0091882676   0.0026522918   0.0077133071   0.0022849229    0.010462541   0.0032766516
            805    0.010719646   0.0028647821   0.0088559056   0.0024071312    0.012675232   0.0035442083
            810   0.0045941338   0.0026522918   0.0040517914   0.0018093718   0.0047522048   0.0029941743
            815   0.0068912007    0.002296952   0.0050739173   0.0017006228   0.0095907481   0.0032240897
            820   0.0061255117   0.0026522918   0.0048608465   0.0019280149   0.0076200001   0.0039560444
            825   0.0045941338   0.0021655871   0.0035905512   0.0015514012   0.0058788189   0.0031783427
            830   0.0091882676   0.0030626027   0.0071193307   0.0021557009    0.011941516   0.0046394512
            835    0.017610846   0.0036719317    0.013057165   0.0027427292    0.024451496   0.0051586572
            840   0.0045941338   0.0021655871   0.0036258071    0.001659421   0.0057997835   0.0030628253
            845   0.0045941338   0.0021655871   0.0031862401   0.0014362096    0.006857185   0.0034254816
            850   0.0096597636   0.0042839113   0.0068983858   0.0029315336    0.013930787   0.0065229392
            855   0.0099539566   0.0033373939   0.0082995079   0.0022489075    0.011615689   0.0061085835
            860   0.0091882676   0.0026522697   0.0066775591   0.0019338877    0.012956378   0.0037595394
            865   0.0062801377   0.0022249588   0.0042919292   0.0015346252   0.0095952953   0.0034050419
            870   0.0061255117   0.0026522918   0.0054914291   0.0018927259   0.0064173623   0.0030061313
            875   0.0045941338   0.0018754535   0.0030580906   0.0012536611   0.0072335237     0.00296994
            880   0.0053598228    0.002296952   0.0041888189   0.0017285369   0.0069081496    0.003283949
            885   0.0030627559   0.0018754535    0.002233996   0.0012631699   0.0043097638   0.0029179532
            890   0.0053598228    0.002296952   0.0048899606   0.0016545102   0.0056154921   0.0026007746
            895   0.0053598228   0.0020257213   0.0040921653   0.0015836436      0.0070725   0.0028052169
            900   0.0030627559   0.0015313014   0.0027627362   0.0014252924   0.0031788976   0.0016802581
            905   0.0022970669   0.0013261459   0.0020679331   0.0012489126   0.0024050984   0.0013904885
            910  0.00076568897    0.002296952 -0.00059402756   0.0034598689   0.0012010256   0.0018562561
            915   0.0076568897      0.0024212   0.0054814173   0.0017395926    0.010975236   0.0034901891
            920   0.0053598228   0.0020257213   0.0040677559   0.0015509453   0.0072286219   0.0027862047
            925   0.0022970669    0.001712047   0.0020407481   0.0012525861   0.0023761812   0.0022597097
            930   0.0030627559   0.0015313014   0.0023366929   0.0011706878    0.004071496   0.0020437535
            935   0.0061255117   0.0021655871   0.0045720275   0.0016278585   0.0082996063   0.0029783824
            940   0.0022970669   0.0013261459   0.0015775788  0.00091201678   0.0034647638   0.0020036666
            945   0.0038284448   0.0020257213   0.0029360433   0.0015000198   0.0051457874   0.0028857458
            950   0.0022970669   0.0013261459   0.0015823032  0.00092024301   0.0034720078   0.0020248949
            955   0.0015313779   0.0018754535   0.0012376772   0.0030038035   0.0015666338   0.0016827377
            960   0.0045941338   0.0018754535   0.0033066536   0.0013594886    0.006528937    0.002696399
            965   0.0038284448    0.001712047   0.0026152757   0.0011804062    0.005836122   0.0026444871
            970   0.0030627559   0.0015313014   0.0026467717   0.0013712843   0.0032418327   0.0018640875
            975              0   0.0010827936  -0.0002001378   0.0020501218  8.9389774e-05  0.00059069201
            980  0.00076568897    0.001712047  -0.0011090945   0.0028666923   0.0014035256   0.0012488685
            985   0.0053598228   0.0022969776   0.0044166143   0.0017677106   0.0062815551   0.0031368769
            990   0.0015313779   0.0015313014   0.0013898819   0.0010637525   0.0015991536   0.0017157045
            995   0.0022970669   0.0013261459   0.0016330118  0.00094391843   0.0033172047   0.0019186619
           1000   0.0022970669   0.0013261459   0.0016330118  0.00094391843   0.0033172047   0.0019186619
