#       pt_lep2        central        num_err    min (scale)        num_err    max (scale)        num_err
              0      128.61434     0.33911923      104.02066     0.26863476       164.7221     0.48543694
              5      375.55043     0.56884877      303.36382     0.44984109      481.03321     0.80492948
             10      609.87285     0.71244788      492.92672     0.56135681      779.49871     0.99871656
             15      834.55977     0.81996175      674.62326     0.65029875       1066.121      1.1599213
             20      1027.1969     0.90161862      830.43786     0.71421377      1312.6293      1.2815352
             25      1148.4051     0.95552603      928.63783     0.75100852      1469.7767      1.3565877
             30      1135.0761     0.95711343      918.36096     0.75021449      1456.9531      1.3747063
             35      838.87428     0.84465171      679.24643     0.66042945      1078.4739      1.2160516
             40      271.13652     0.48469605      219.53323     0.38332633       344.3622     0.66738183
             45      111.20151     0.30843339       90.12349     0.24659228      140.25801     0.41680023
             50      63.608582     0.23050322      51.561674     0.18409284       80.12326     0.30600945
             55      40.112125     0.18427058      32.597419     0.14910748      50.306984     0.24927652
             60      26.860623     0.15175888      21.749624     0.12088312      33.763149     0.20403321
             65      18.786413      0.1270243       15.12553     0.10056387      23.760601     0.17050086
             70      13.834622     0.10795313      11.141927    0.085606215      17.474857     0.14476612
             75       10.13283    0.092453751      8.1571832    0.074194459      12.802362     0.12641761
             80      7.6101033    0.079830661      6.1189261    0.063583974      9.6213869     0.10862172
             85      5.6943402    0.069398981      4.5750745    0.055163924      7.1998102    0.093529243
             90      4.4331917     0.06075284      3.5710925    0.048358872      5.5825682    0.081750014
             95      3.6741944    0.077720756      2.9344756    0.057310707      4.6793044     0.11159592
            100      2.9061623    0.049355137       2.332578    0.039048837      3.6768263    0.066818961
            105      2.3712497    0.045053905      1.8972444    0.035283096      3.0079277    0.061249856
            110      1.8881751    0.045194321      1.5048309    0.036789945      2.4072023    0.057633041
            115      1.5186508     0.03595433      1.2609299    0.047051852      1.8300153     0.08959889
            120      1.2368607    0.033780873     0.98822599    0.026079388      1.5694342    0.046823754
            125      1.0338969    0.030064538     0.82228927     0.02345469      1.3229786    0.041149869
            130      0.8613584    0.032968783     0.70615159     0.03077719      1.0500377    0.067333915
            135     0.71516933    0.024702824     0.56527939     0.01908497     0.92175836    0.033792806
            140     0.64891007    0.023321434     0.51991073     0.01853155     0.82099731    0.032480748
            145       0.543695    0.025783024     0.43391408    0.019467901     0.69046167    0.036526986
            150     0.42652907    0.019055172     0.34103712    0.014960984     0.54069094    0.025637451
            155       0.368357    0.019220709     0.29728337    0.014850772      0.4596868    0.026706924
            160     0.32424508    0.016955814     0.25674001    0.013036321     0.41477622    0.023320142
            165     0.26340059    0.014806983     0.20740569    0.011472855     0.34019398    0.019975623
            170     0.22925047    0.023496034     0.17977886    0.016706127     0.29699161    0.034696926
            175     0.20238071    0.013144098     0.16286624    0.010336264     0.25370943    0.018175885
            180     0.16295699     0.01201174     0.13206494   0.0093723234     0.20193685    0.016681765
            185     0.15943437    0.012168958     0.12653444   0.0093489686     0.20291435    0.017035146
            190     0.16297821    0.011946802     0.13180142   0.0099987031     0.20274421    0.017347658
            195     0.11439216    0.010301663    0.090510689   0.0079060911     0.14641766    0.014028941
            200     0.10203453   0.0093641646    0.082269272   0.0072811583     0.12862892    0.013476394
            205    0.093414054   0.0087966033     0.07277872   0.0067739875     0.12231504    0.011950126
            210    0.075047361   0.0082481222    0.060870825   0.0063737903    0.093176024    0.011373831
            215    0.075544369    0.008131503    0.060038209   0.0062442428     0.09598821    0.011465369
            220    0.069450098   0.0076526152    0.055558299   0.0060636259    0.087985295    0.010550829
            225    0.033690315   0.0059306948    0.028730148   0.0046700718    0.038516221   0.0083733539
            230    0.050131358   0.0066773082    0.039415197   0.0051705127    0.064520118    0.009047877
            235    0.053598228   0.0065863673    0.041142441   0.0049906956    0.071365551   0.0090773989
            240    0.043021614   0.0060485366    0.033224016   0.0046549859    0.056812743   0.0082686678
            245    0.048338582   0.0072401122    0.037175039   0.0053645192    0.064261948    0.010343638
            250    0.033812322   0.0056442467    0.027805216   0.0043808885    0.041364351   0.0079198229
            255     0.02986187   0.0050207073    0.023643681   0.0038779895    0.038114193   0.0067746822
            260    0.019142224   0.0041231551    0.016197973   0.0031718718    0.022114213   0.0062408718
            265     0.01704496   0.0039481142    0.013404921   0.0029825474    0.022112106   0.0055939354
            270    0.019142224   0.0039784229    0.014855472   0.0031061378    0.024937008   0.0052604086
            275     0.01923059    0.004575092    0.014945157   0.0033471303    0.025282008   0.0066174961
            280    0.020673602   0.0047814747    0.016745276   0.0035776928    0.025428642   0.0067761883
            285    0.020673602   0.0041231551    0.015760079   0.0031606369    0.027790906   0.0055879902
            290    0.017694429   0.0039953642    0.014258268   0.0030398412    0.022118406   0.0056018228
            295     0.01174939   0.0032310502   0.0090451575   0.0023632227    0.015458484   0.0047149794
            300    0.011485334   0.0033373939     0.00953687   0.0025907723    0.013751988   0.0045352667
            305    0.013016712   0.0033373939    0.010303878   0.0025566536    0.016771299   0.0045863671
            310    0.013016712   0.0031568586    0.010424685   0.0025537766     0.01638313    0.004053764
            315    0.012251023   0.0030626027    0.009543878   0.0023947955    0.016184311   0.0040671527
            320   0.0084225786   0.0027605928   0.0070477165   0.0022236869    0.010071358   0.0036183592
            325   0.0099539566   0.0027605928    0.007466437   0.0020769639    0.013597283   0.0037911911
            330   0.0084225786   0.0029653523   0.0074817717   0.0025692241   0.0087546062   0.0040540142
            335   0.0076568897      0.0024212   0.0065095079   0.0020806554   0.0089041733   0.0029037539
            340   0.0038284448    0.001712047   0.0031833268    0.001438679   0.0047497245   0.0021597386
            345   0.0045941338   0.0018754535    0.003402185   0.0013934399   0.0063442126   0.0026034758
            350   0.0053598228   0.0020257213   0.0042770079    0.001621185   0.0067817126   0.0025786035
            355   0.0068912007    0.002296952   0.0051841733   0.0017461723   0.0096006889   0.0032542711
            360   0.0030627559   0.0015313014   0.0023967716   0.0012108225   0.0040884449   0.0020669634
            365   0.0068912007    0.002539376   0.0052339961   0.0018630339   0.0092749999   0.0035994612
            370   0.0053598228   0.0020257213   0.0042454527   0.0016100517   0.0067875393   0.0025795912
            375   0.0015313779   0.0010827936   0.0012354331  0.00088568511   0.0019451968   0.0014055613
            380   0.0053598228   0.0020257213   0.0041813582    0.001588405   0.0069827953   0.0026625741
            385  0.00076568897  0.00076565068  0.00059714565   0.0005971158  0.00097198817  0.00097193957
            390    0.018992205    0.017526975     0.01289565    0.011664263    0.028863958     0.02721087
            395  0.00076568897  0.00076565068  0.00062255905  0.00062252791  0.00092822834  0.00092818192
            400  0.00076568897  0.00076565068   0.0006416929  0.00064166082  0.00095322835  0.00095318068
            405   0.0015313779   0.0010827936    0.001189252  0.00084223553   0.0019828937   0.0014060062
            410   0.0039225786   0.0032482575   0.0027286022   0.0021735982   0.0058828739    0.005061343
            415   0.0015313779   0.0015313014   0.0013541929   0.0010456151   0.0016155119   0.0021179613
            420   0.0015313779   0.0010827936   0.0010253937  0.00072634434   0.0023802165   0.0016866086
            425  0.00076568897  0.00076565068  0.00045188975  0.00045186716   0.0013621063   0.0013620382
            430   0.0030627559   0.0015313014   0.0023859055   0.0011932959   0.0040167519   0.0020099109
            435   0.0058313188   0.0037746986   0.0040570079   0.0025469344   0.0086323425   0.0057876243
            440 -0.00076568897  0.00076565068  -0.0011341535   0.0011340969 -0.00053566929  0.00053564251
            445   0.0015313779   0.0010827936   0.0012529134  0.00088591797        0.00189   0.0013369487
            450              0   0.0010827936 -0.00042401575    0.002023375  0.00016019686  0.00061304137
            455  0.00076568897  0.00076565068    0.000666437  0.00066640367  0.00091580707  0.00091576127
            460              0              0              0              0              0              0
            465              0              0              0              0              0              0
            470   0.0015313779   0.0010827936   0.0011645275  0.00082345293   0.0020273032   0.0014341146
            475   0.0038284448    0.001712047   0.0029416536   0.0013201643   0.0051137008   0.0022992884
            480  0.00076568897  0.00076565068  0.00066500003  0.00066496678  0.00088035433  0.00088031031
            485  0.00076568897  0.00076565068  0.00049348425  0.00049345959   0.0012385236   0.0012384617
            490              0              0              0              0              0              0
            495  0.00076568897  0.00076565068  0.00073446852  0.00073443179  0.00081586612  0.00081582533
            500  0.00076568897  0.00076565068  0.00073446852  0.00073443179  0.00081586612  0.00081582533
