#    y_j1-ptj30        central        num_err    min (scale)        num_err    max (scale)        num_err
             -5      2.8713336     0.34026088      2.2432608     0.26465465      3.7881191     0.45624745
           -4.9      4.6892942     0.44514217      3.7289223     0.35025353      6.0935925     0.61285101
           -4.8      6.2863522     0.51424213      4.9518691     0.40174211      8.1950137     0.68976357
           -4.7      9.9229348      0.6512452      8.0148825     0.51470006      12.524155     0.88135296
           -4.6      14.988113     0.79581088      11.932734     0.62103138      19.261732      1.0769442
           -4.5       79.09843       1.849533      63.224201      1.4480624      100.99586       2.547021
           -4.4      103.16016      2.1044764      82.174331      1.6432693      132.43598      2.8700468
           -4.3      135.91239      2.4076615      108.18617      1.8795599      174.57551      3.2910508
           -4.2       176.4833      2.7469677      140.44114        2.14232      226.80024      3.7243742
           -4.1      216.01276       3.031551      172.12544      2.3834545      276.99192      4.1249412
             -4       261.5417      3.3371672      209.09176      2.6155084      333.71159      4.5188372
           -3.9      316.69352      3.6752552      252.65788      2.8751807      405.26794      4.9660024
           -3.8      385.19803      4.0687488      308.46913      3.1993812      490.19175      5.5078309
           -3.7      453.68431      4.4170565      363.47076       3.463854      577.10583      5.9455931
           -3.6      526.50793      4.7244377      421.79332      3.7133976      669.85929      6.3970128
           -3.5      612.85975      5.1056191      491.23098      4.0134183      779.08792      6.9064172
           -3.4      706.70277      5.4954017      566.71031      4.3364406      897.74461      7.4611402
           -3.3      804.45686      5.8617808      645.56523       4.624234      1020.9182      7.9317888
           -3.2      917.85838      6.2330734      735.34408      4.9193907      1167.5573      8.4141005
           -3.1       1012.549      6.5812586      812.61501      5.2058281      1284.9229      8.9521616
             -3      1120.6218      6.9036353       900.2933      5.4472286      1419.7768       9.291092
           -2.9      1229.9096      7.2250595      988.45398      5.7293793      1557.0173      9.8588775
           -2.8      1342.1282      7.7818326      1075.5557      6.1067783      1706.4396       10.52105
           -2.7      1460.3891      7.8445661      1172.4271      6.2153702      1852.1473      10.605248
           -2.6       1563.153      8.1241223      1254.2067      6.4320695      1983.8987      10.974717
           -2.5      1675.3351      8.3843828      1344.9712      6.6278019      2124.4719      11.277018
           -2.4      1782.5524      8.6547963      1430.3739      6.8946277      2262.1551      11.718248
           -2.3      1895.4187      8.9003636      1519.9389      7.0250975      2407.7488      11.933962
           -2.2      1982.7296      9.1189976      1591.5106      7.2294463      2514.9531      12.319023
           -2.1      2083.9557      9.3049419      1672.1789      7.3626606      2645.0001       12.48942
             -2      2193.9115      9.5231472      1760.1838      7.5997011      2784.8418      12.941389
           -1.9      2250.9506      9.7304471      1804.6627      7.7232764      2860.3588      13.159091
           -1.8      2366.3232      9.9272541      1896.6641      7.8472512      3007.8566      13.289974
           -1.7      2441.1021       10.21201      1959.3036      8.4110642      3097.3289      14.627452
           -1.6      2504.3379      10.261252      2007.4774      8.1070463      3183.2703      13.771385
           -1.5      2573.4784      10.353147      2065.7738      8.2194545      3264.7875        13.9264
           -1.4      2632.3306      10.432649      2110.1222       8.259829      3345.8669      13.947641
           -1.3      2696.5859      10.564777      2161.3712      8.3482246       3428.236      14.143849
           -1.2      2771.8962      10.674325      2221.8449      8.4544747       3524.254      14.262912
           -1.1      2824.6082      10.756384      2262.0585      8.5238109      3595.0514      14.417621
             -1      2860.0689      10.911486      2294.0431      8.6730048      3632.5205      14.688107
           -0.9      2899.9717       10.99873      2325.0515      8.7257479      3685.8674      14.712412
           -0.8      2938.8454      11.209466      2358.2157      8.9770304       3730.582      15.226751
           -0.7      3003.2627      11.137072      2406.5743      8.9473028      3819.7956      15.267543
           -0.6      2992.3119      11.082872      2397.6726      8.7811078      3805.7657      14.847273
           -0.5      3019.1021      11.106153      2419.6599      8.8467746      3839.4744      14.990308
           -0.4       3035.384      11.203039         2430.8       8.875486       3863.655      14.990319
           -0.3       3048.961      11.616381      2441.6115      9.1508528      3881.8375      15.632299
           -0.2      3065.9274      11.265466      2458.6554      8.9448463      3895.2775      15.117075
           -0.1      3088.4978      11.257708      2475.0608      8.9658501      3928.2349      15.209621
              0      3047.2529      11.193864      2442.3269      8.8725456      3874.8237      14.965414
            0.1      3053.1824       11.24898       2447.521      9.0219922      3880.9206      15.317755
            0.2      3062.8554      11.225373      2451.0802       8.880003      3902.9696      14.982531
            0.3       3051.265      11.186563      2443.4759      8.8645629      3884.2517      14.953377
            0.4      3010.5807      11.104183      2413.3752      8.8736711      3827.5516      15.059624
            0.5      3004.6618      11.063569      2411.8863      8.9583444      3812.8377      15.245272
            0.6      2964.1042      11.358273      2373.5368      8.9286711      3773.4617      15.283599
            0.7       2947.019      10.982423      2363.9791      8.7458433      3742.8582      14.794174
            0.8      2902.3974      10.943387      2328.0107      8.7176362      3685.8268      14.721539
            0.9      2855.9674      10.896523      2289.1241      8.6226888      3631.0047      14.554888
              1      2812.7771      10.742939       2255.101      8.5206954      3574.4173      14.381158
            1.1      2746.2123       10.63084      2202.2784      8.4321814      3489.0669      14.264485
            1.2      2694.6325      10.595954       2159.938      8.3800389      3425.9938      14.167456
            1.3      2657.4062       10.48909      2132.0543      8.3405781      3373.7411      14.126987
            1.4      2582.8216      10.307244      2072.9761      8.2665279      3277.4286      14.089155
            1.5      2511.9648      10.728281      2014.5651      8.4557734      3190.7501      14.609506
            1.6      2418.4402      10.027312      1942.0088       7.995227      3066.2823      13.557635
            1.7       2361.842      9.9129894      1894.1535      7.8639084      3000.0896      13.352088
            1.8      2277.7015      9.7203945      1826.2426        7.72641      2893.6384      13.176603
            1.9      2163.4849      9.4985625      1736.3778      7.6220836      2745.0351      13.072853
              2      2089.9208       9.468186      1676.7269      7.4924901      2653.2677      12.738588
            2.1      1980.7587      9.0711565      1589.1077      7.1826021      2514.7332      12.135243
            2.2        1878.42       8.858989      1510.1784      7.0888872      2377.8796      12.127296
            2.3      1780.3526      8.6179826       1428.557      6.8151393      2259.4345      11.603081
            2.4      1669.9047      8.3366632      1339.7444      6.6169368      2120.1177       11.22864
            2.5      1558.4998      8.0614902      1251.4242      6.3874613       1976.491      10.878932
            2.6      1468.2644      7.8169145      1177.2084      6.1887229       1865.569      10.489001
            2.7      1344.6027      7.5289727      1077.9414      5.9374476      1708.7693       10.10906
            2.8      1239.3636       7.203782      993.90027      5.7223373      1573.9781      9.7408269
            2.9      1123.6063      6.8541033      900.48909      5.4105293      1428.6216      9.2123586
              3      1003.9904      6.5055533      804.13915      5.1225437      1277.4915      8.7384985
            3.1      912.10668      6.2003067      731.16196      4.8923502      1159.3193      8.3845677
            3.2      805.20217      5.8275411      643.92312      4.5814437      1026.8388      7.8385313
            3.3      709.52089       5.468016      570.08369      4.6365862      898.75353      8.2855985
            3.4      620.01149      5.1270764      497.22288      4.0450552      787.60816      6.8745774
            3.5       534.3834      4.7594218      428.00573      3.7417042      679.96351      6.4491056
            3.6      453.58975      4.3854894      364.07537      3.4808292      575.43425      6.0224689
            3.7      387.35077      4.0541643      309.69984      3.1807259      494.33238      5.4789301
            3.8      315.33224      3.6643347      252.91052      2.9094298      400.65257      5.0543247
            3.9      260.27398      3.3268851      207.64787      2.6032795      333.12151      4.4998199
              4      212.55351      3.0191618       170.1344      2.3662625      270.77044      4.1021211
            4.1       170.5573      2.6875181      135.96191      2.1064308      218.46305      3.7074083
            4.2      134.77392       2.426413      107.96871      1.9667469      171.67322       3.472925
            4.3      105.95123      2.1275764      84.444379      1.6641474      135.80985      2.8863425
            4.4      78.989956       1.840939      63.801028       1.775521      99.424383      3.3522062
            4.5      15.334179      0.8078725      12.335342     0.64053616      19.458869      1.0754692
            4.6      9.8391031     0.64627471      7.9232849       0.508413       12.49555     0.88654361
            4.7      7.2357607     0.54274318      5.6996868     0.42151381      9.4836001     0.75162778
            4.8      4.8238404     0.44315104      3.8200246     0.34935887      6.2926604     0.59900536
            4.9       2.909618     0.34666139      2.3112579     0.27611111      3.7519449     0.45895196
              5       2.909618     0.34666139      2.3112579     0.27611111      3.7519449     0.45895196
