#         m_bbZ        central        num_err    min (scale)        num_err    max (scale)        num_err
            100      518.67059     0.54075572      439.93755     0.45927281      619.78243     0.65518136
            110      466.57474     0.51696838      395.89676     0.44053198      557.48056     0.62844253
            120      373.10799     0.46941438      316.25425     0.39809016      446.57163      0.5686226
            130      294.37717     0.42505752      249.19558     0.36077016      353.03051     0.51853072
            140      235.67638     0.38181385      199.08132     0.32244463      283.47595     0.46393945
            150      191.62756     0.34559121      161.52509     0.29176113      231.16888     0.42169644
            160      157.85042     0.31580306      132.72687     0.26560322      191.03727     0.38589408
            170      132.34226     0.28984307      110.95895     0.24307471      160.75679     0.35503404
            180      112.37822     0.26880676       93.99974     0.22500345      136.91115     0.33074667
            190      96.373307     0.25095675      80.389931     0.20922132      117.81613     0.30992447
            200       83.60201     0.23217685      69.563076     0.19329849      102.51439     0.28700293
            210      73.555825      0.2181091      61.059485     0.18130498      90.449477     0.27061996
            220      64.737853     0.20494358      53.612866     0.16987933      79.826731     0.25479728
            230      57.480604     0.19426231      47.521789     0.16068568      71.017168     0.24237207
            240      51.470238     0.19174043      42.455599      0.1574181      63.759272     0.24065704
            250       46.01731     0.17440871      37.853368     0.14346243      57.185508     0.21867847
            260      41.323748     0.16416943      33.972662     0.13506824      51.384003     0.20565594
            270      37.611807     0.16576055      30.848969     0.13514826      46.890462     0.20954071
            280      34.513658     0.15094214      28.273132     0.12368655      43.084213     0.18979468
            290      31.350431     0.14425837       25.66312     0.11810863      39.163717     0.18145001
            300      28.852904     0.13825689      23.581165     0.11304163      36.105287     0.17429735
            310      26.526994     0.13217377      21.653651     0.10805095      33.237999     0.16710624
            320      24.174098     0.12598105      19.707958     0.10279275       30.33068     0.15897345
            330      22.408899      0.1214859      18.237397    0.099023441      28.124189      0.1536876
            340      20.658979     0.11643974      16.765469    0.094678735      25.993098     0.14770122
            350      19.332837     0.11345144      15.632853    0.091831148      24.417529     0.14415788
            360      17.624115     0.10794033      14.235343     0.08736406      22.285835     0.13742572
            370      16.649174     0.10469432       13.41235    0.084483058      21.111727     0.13356326
            380      15.471534     0.10115499       12.44537    0.081479027      19.648106     0.12919447
            390      14.382395    0.097767488      11.535744    0.078528203      18.321105     0.12523907
            400      13.398952    0.095503844      10.731459    0.076625843      17.094143     0.12261159
            410       12.52072    0.090887514      10.005817    0.072770071      16.011434     0.11696414
            420      11.790114     0.08984512       9.405149    0.071680486      15.104388     0.11591273
            430      11.204732    0.086186625      8.9271655    0.068775036       14.37412     0.11121634
            440      10.361233    0.082721881      8.2394282    0.065902848      13.317921     0.10681385
            450      9.7069373    0.080501523      7.6998967    0.064017848      12.508628     0.10411151
            460      9.1677599    0.078651516        7.27626    0.062581871      11.807434     0.10174565
            470      8.6061014    0.076646587      6.8138865    0.060838869      11.111998    0.099368927
            480      8.1625645    0.074250522      6.4449278    0.058791878      10.569142    0.096436864
            490      7.6275594    0.071531327      6.0233015    0.056639336      9.8757687     0.09293302
            500      7.2616086    0.070224551      5.7215251    0.055477755      9.4230282    0.091439594
            510       6.818912    0.069309222      5.3714941    0.054841409       8.850993    0.090057616
            520      6.4842541    0.066862014      5.0987854    0.052817537      8.4317602    0.087039428
            530      6.0950943    0.064623695      4.7941963    0.051015202      7.9235786    0.084192629
            540      5.7772981    0.062456577      4.5395598    0.049216193      7.5187865    0.081584787
            550      5.4697891    0.061166188      4.2935572    0.048147987      7.1264564    0.080238023
            560      5.2840895     0.06038173      4.1376732    0.047488264      6.9004597    0.078969872
            570      4.9811377    0.057698994      3.8956078    0.045266524      6.5136325    0.075655108
            580      4.6614187    0.056942537      3.6415864    0.044618531      6.1026854    0.074705724
            590      4.4348433    0.054706251      3.4558541    0.042766445      5.8208376    0.071922888
            600      4.2382169    0.053377651      3.2967269    0.041624496      5.5728851    0.070350532
            610      4.0141395    0.052900935      3.1273007    0.041332292      5.2705598    0.069593597
            620      3.8783858    0.051906008      3.0253414    0.040577703      5.0858936    0.068350962
            630      3.5883145    0.049628116      2.7947152    0.038767901      4.7126263     0.06532149
            640      3.4764401    0.050084836      2.7050982    0.039263133      4.5697547    0.065686329
            650      3.3506949    0.048994448      2.6054605    0.038188216      4.4074718    0.064594042
            660      3.1466589    0.046655621       2.445587    0.036400166      4.1419781    0.061498373
            670      3.0431708    0.045479117      2.3576727    0.035300939       4.018294    0.060228381
            680       2.887203    0.044204344      2.2363705     0.03434861      3.8130084    0.058565197
            690      2.7404003     0.04335448      2.1205423    0.033614047      3.6225479     0.05752211
            700      2.6286798    0.042398179      2.0365904    0.032938414      3.4711295    0.056184119
            710      2.5194796     0.04266103      1.9468828    0.033230299      3.3354661     0.05627776
            720      2.3437983    0.040977188       1.814117    0.031938246      3.0976782    0.054038153
            730      2.2999439    0.039827029      1.7761824    0.030817275      3.0466809    0.052886215
            740      2.2396861    0.039455809      1.7259914    0.030634826      2.9733332    0.052213577
            750      2.1124289    0.037805954      1.6277102    0.029253282      2.8049005    0.050248391
            760      1.9575296    0.036604495      1.5085776    0.028293979       2.598613    0.048652771
            770      1.9785284    0.036406901      1.5238505    0.028132128      2.6284188    0.048663657
            780      1.8072324    0.035186071      1.3912778    0.027219403      2.4019883     0.04689741
            790      1.7837446    0.034751877      1.3715984    0.026792678      2.3732804    0.046286251
            800      1.7214192    0.037837084      1.3249361    0.029222949      2.2884272      0.0503217
            810      1.6751995    0.035919242      1.2875956    0.027986638      2.2301632    0.047369508
            820      1.5581297    0.032308257      1.1990315    0.024922199      2.0717862    0.043078931
            830      1.5296497    0.032818934      1.1733473    0.025189249      2.0403273    0.043903822
            840      1.4439357    0.032879369      1.1093043    0.025537571      1.9233061    0.043534011
            850      1.4086375    0.031591319      1.0805649    0.024303838       1.878669    0.042161846
            860      1.3300602     0.03027314       1.017773    0.023240857      1.7784162    0.040494756
            870       1.260803    0.029321395      0.9657075    0.022528424      1.6844418    0.039273419
            880      1.2324011    0.029356845     0.94446853    0.022570487      1.6454279    0.039227389
            890      1.1751674    0.028726331     0.90097974    0.022080947      1.5686339    0.038418393
            900      1.1478966    0.029529544     0.87708002    0.022702215      1.5372428    0.039440812
            910      1.0626638    0.027208751     0.81165062    0.020725644      1.4238074    0.036674388
            920      1.0824267    0.027118975     0.82672227    0.020745624      1.4502993    0.036410026
            930      0.9875733    0.025942611     0.75447392     0.01989197      1.3227842    0.034760793
            940     0.92131488    0.026056139      0.7015621    0.020057813      1.2381651    0.034762396
            950     0.95186984    0.025907619     0.72775598     0.01988278      1.2741108    0.035145093
            960     0.91117099    0.024871592     0.69310331    0.018943105      1.2258111    0.033529819
            970     0.87182992    0.024618516     0.66367733    0.018804273      1.1720892    0.033109635
            980     0.82559873     0.02341204     0.62841402    0.017829277      1.1101146    0.031575878
            990     0.82115575      0.0237777      0.6256699    0.018156478       1.102835    0.031974252
           1000     0.82115575      0.0237777      0.6256699    0.018156478       1.102835    0.031974252
