# m_Zbb-CMS-2bj        central        num_err    min (scale)        num_err    max (scale)        num_err
# et
            150       1.288908    0.012936546      1.1023994    0.011089535      1.5262801    0.015540388
            200      1.7609976    0.015148212      1.4967063     0.01289263      2.1032997    0.018203652
            250      1.4157749    0.017175545      1.1966702    0.014038546      1.7030404    0.021661152
            300      0.9790439    0.011336443      0.8234667   0.0095506974      1.1847512    0.013814617
            350     0.70767709   0.0097815663       0.593462    0.008206208     0.86000298    0.011982574
            400     0.50467786   0.0082914716     0.42018499   0.0069049591     0.61816083    0.010247898
            450     0.36435946   0.0069542843     0.30203868   0.0057799154     0.44833903   0.0086073952
            500     0.23382638   0.0040778958     0.19183105   0.0033539981     0.29098376   0.0050989165
            600     0.23382638   0.0040778958     0.19183105   0.0033539981     0.29098376   0.0050989165
