#         pt_bx        central        num_err    min (scale)        num_err    max (scale)        num_err
              0      1551.3374      1.2890063       1300.177      1.0822465      1882.7057      1.5922064
              5      1998.7506      1.4051783      1677.1941      1.1796613      2422.2204      1.7265786
             10      1311.8964      1.2022289      1101.7459      1.0102714      1588.3526      1.4714887
             15      827.00149     0.98537645      694.63565     0.82833551      1001.1732      1.2074241
             20      539.66081     0.81179434      453.09008     0.68208134      653.73176     0.99235387
             25      366.88042      0.6776501      307.80924     0.57109691      444.84708     0.83519019
             30      258.16592     0.57186104      216.45766     0.48002008      313.30598       0.699715
             35      186.97753     0.49030623      156.63235     0.41108831      227.17038     0.60066174
             40      139.60106      0.4260919      116.84966     0.35679426      169.78704     0.52322602
             45      106.30524     0.37174572      88.858811     0.31118046       129.5118     0.45716552
             50      81.623252     0.32566251      68.208285     0.27255815      99.476238     0.40019738
             55      64.657396     0.29086058       53.98937     0.24317297        78.8743     0.35792866
             60      51.711369     0.26188441      43.119342     0.21833248      63.189586     0.32253064
             65      41.849533     0.23691655       34.86488     0.19729806      51.191678     0.29234587
             70       34.37883     0.21412722      28.657191     0.17856964      42.026849      0.2644154
             75       28.10335     0.21605884      23.387606     0.17705883      34.421143     0.27141806
             80      23.313551     0.17577815      19.394802     0.14655067      28.595261     0.21736479
             85      19.769777     0.16144601      16.407523     0.13427384      24.313509     0.20020875
             90      16.500895     0.14787009      13.665475     0.12268745      20.341518     0.18374345
             95      14.470455     0.13851774      11.959509     0.11465287      17.876774     0.17261419
            100      12.125145     0.12678016      9.9980057     0.10462469      15.018754     0.15861867
            105      10.421134     0.11848149      8.5713239    0.097482115      12.943283     0.14864184
            110      8.9804376     0.10879318      7.3619953    0.089448073      11.194154     0.13660041
            115      7.8071268     0.10144859      6.3950595    0.083288298      9.7393872     0.12751946
            120      6.7377971    0.098861552      5.5113253    0.080771033      8.4189088     0.12480178
            125      5.9440948    0.089529358      4.8611735    0.073406193      7.4307079     0.11361481
            130      5.3561255    0.084906479       4.363376     0.06935621      6.7217209     0.10738162
            135      4.5596469    0.077479231      3.7223022    0.063463848      5.7090756     0.09771724
            140      4.2369493    0.074937976      3.4346302    0.060879701      5.3461469    0.095218947
            145      3.5606457    0.068464571      2.8870833    0.055668897      4.4913596    0.087057774
            150      3.1723124    0.064789199      2.5698614    0.052643346        4.00649    0.082382802
            155      3.0015597    0.062879327       2.430584    0.051044277      3.7920065    0.080121123
            160      2.5985689    0.062150692      2.1049655    0.050353917      3.2816894    0.079303881
            165      2.3231455    0.055446536      1.8643871     0.04462352      2.9633864    0.071185518
            170      2.0851066    0.053226947      1.6809991    0.043042569      2.6463698    0.068875862
            175      1.9167942    0.052711626      1.5451961    0.042488325       2.433298    0.067616197
            180      1.7492439    0.048011176      1.4083839    0.038815861      2.2235607    0.061442386
            185      1.5754198    0.047248849      1.2708494     0.03800148      2.0002852    0.061473688
            190      1.3915761    0.042899318      1.1243452    0.034800318      1.7623048     0.05469491
            195       1.381638    0.042710508      1.1088287    0.034394663      1.7624179    0.054790856
            200      1.1861293     0.03942271     0.94843887    0.031634593      1.5189769     0.05079128
            205      1.0993211    0.038200217     0.87931147    0.030663958       1.407539    0.049217706
            210       0.946493    0.035430195     0.76208053    0.028771337      1.2032309    0.045760017
            215      0.8950461     0.03489277     0.71313103    0.027852975      1.1505985    0.045184319
            220      0.8026084    0.032589564     0.64434893    0.026219945      1.0236279     0.04197484
            225     0.75898837     0.03163085     0.60462037    0.025281803     0.97581473    0.040909009
            230     0.62763573    0.028701356      0.5082446    0.023393953     0.79263507    0.036547169
            235     0.62545377    0.028685444     0.49798117    0.022924796      0.8048515    0.037141433
            240      0.5516784    0.027661648      0.4388289    0.021991852     0.71066943    0.036020497
            245     0.50614347    0.025920034     0.40639747    0.020857809     0.64544957     0.03335719
            250     0.51340237    0.026023314     0.40865997     0.02080356     0.66080327    0.033733819
            255     0.43366477     0.02395186     0.34771043    0.019265619     0.55398507    0.030845432
            260      0.4153101    0.023701957      0.3284531    0.018661525     0.53823807    0.031174445
            265     0.37301187    0.022232572     0.29604767    0.017737009     0.48167393    0.028844377
            270     0.34392447    0.021312039     0.27156047     0.01685462     0.44669293     0.02792041
            275     0.35082103    0.021819283     0.27750327    0.017245956      0.4545662    0.028585036
            280     0.30973927    0.020255054     0.24616707     0.01615126     0.39931707    0.026296962
            285      0.2831111    0.019446139      0.2242669    0.015384048     0.36617567    0.025460528
            290     0.26933663    0.018894751      0.2129977    0.015023724      0.3490734    0.024600598
            295      0.2553602    0.018402694     0.20006877    0.014458079     0.33421393    0.024231089
            300     0.25591413     0.01833427     0.20350277    0.014676504     0.32976702    0.023827781
            305     0.20312673    0.016916494     0.16047287    0.013366002     0.26345717    0.022110759
            310      0.2242325    0.017591211      0.1778898    0.013955065     0.28964367    0.022990993
            315     0.21774847    0.017013592     0.17096563    0.013397001      0.2845276    0.022381132
            320     0.15977803    0.014542289     0.12669673    0.011590793     0.20637743    0.018895762
            325     0.15753033    0.014755785      0.1234569    0.011555093      0.2062455    0.019521479
            330     0.15533563    0.014305685     0.12139003      0.0112293     0.20397457    0.018874872
            335     0.14244817    0.013810326     0.11245767    0.010948391      0.1849149    0.018042743
            340     0.13701023    0.013581579     0.10756977    0.010675823      0.1789644    0.017892443
            345     0.13220907      0.0132891      0.1045029    0.010541598     0.17136367     0.01735347
            350      0.1083096    0.011890891    0.085145734   0.0093857217     0.14128957    0.015593775
            355      0.1383196    0.014288877      0.1096891    0.011377893     0.17859457     0.01851036
            360      0.1140834    0.012742543      0.0907423    0.010165094     0.14687517    0.016522733
            365     0.11328147      0.0123613    0.088254333   0.0096574984      0.1491072    0.016352507
            370      0.0870436    0.010901276      0.0699503    0.008744327     0.11087627    0.014092732
            375      0.0792389    0.010403116      0.0614033   0.0080453111     0.10488893     0.01390474
            380      0.0896938    0.010878848      0.0712285   0.0086887261      0.1157859    0.014131974
            385    0.077825933    0.010145395      0.0608699    0.007974208      0.1019417    0.013346964
            390       0.067798   0.0094078534      0.0526902   0.0073424215    0.089420933    0.012458021
            395      0.0734394   0.0098169101    0.057157467   0.0076722972      0.0968562    0.013007828
            400      0.0532629   0.0084395007      0.0422392   0.0067143191    0.068850633    0.010976135
            405      0.0616704   0.0090023149    0.048716233   0.0071616826    0.080075167    0.011805158
            410    0.055168533   0.0085134148    0.043473834   0.0067501935      0.0718018    0.011157374
            415      0.0565432   0.0086236129    0.044290967     0.00679338    0.074084333     0.01137602
            420    0.052863333   0.0083919506    0.041820633   0.0066679249       0.068549    0.010964434
            425    0.047508067   0.0079204457    0.036749067   0.0061535814    0.063140533    0.010592877
            430    0.038248767   0.0071036467       0.029414   0.0054850713    0.051079133   0.0095343178
            435       0.029893    0.006239232    0.023422767    0.004904628    0.039154733    0.008215785
            440      0.0463419   0.0078478808       0.036484   0.0062015893    0.060339767    0.010273545
            445    0.048798233    0.008024575    0.038206833   0.0063120768      0.0638684    0.010551344
            450    0.038146067   0.0070835437    0.030201267   0.0056354788      0.0493716   0.0092182905
            455      0.0431799   0.0075193222      0.0333199   0.0058354936      0.0573911    0.010038706
            460      0.0249681   0.0057284182      0.0194559    0.004488019    0.032906133   0.0075950422
            465      0.0299428    0.006513827      0.0238155   0.0051445611      0.0385678   0.0085583753
            470    0.024844733   0.0057021651    0.019976434   0.0046043602    0.031595033   0.0073003868
            475    0.023429667   0.0055282163      0.0176309     0.00416781    0.032016833   0.0075928194
            480      0.0251381   0.0057687352      0.0195239   0.0044975216    0.033202133   0.0076587059
            485       0.030198   0.0063043228    0.023413733   0.0049207358    0.039957567   0.0083651171
            490    0.032424767   0.0078161191      0.0241272    0.005859794      0.0447061    0.010706316
            495      0.0308633   0.0063420305    0.023740933    0.004902569    0.041238333   0.0085076077
            500      0.0308633   0.0063420305    0.023740933    0.004902569    0.041238333   0.0085076077
