#pt_bb-mbbZ1000        central        num_err    min (scale)        num_err    max (scale)        num_err
              0      578.14716     0.84310472      487.80625     0.71101684      695.69152      1.0246599
              5      1218.2577      1.1645765       1025.886     0.98087475       1469.701      1.4232516
             10      1203.6798      1.1583927      1012.0025      0.9748444      1455.1594      1.4240677
             15      986.92928      1.0722279      828.90764     0.90321342      1194.8152      1.3204924
             20      762.71364     0.95117733      640.14968     0.79847774      924.25512      1.1626984
             25      581.80838      0.8402065      487.85496     0.70476962      705.92578      1.0279689
             30      445.60915     0.74209647      373.42849     0.62228182      541.10659     0.90854821
             35      345.18294     0.65749799      289.03787     0.55110548      419.59555     0.80572078
             40      270.43565     0.58618862      226.33132      0.4934373      328.95684     0.72696694
             45      215.17983     0.52360683      179.91299     0.43842895       262.0693     0.64318913
             50      172.35383     0.47167938      143.97344     0.39438443      210.15502     0.58019428
             55      139.93016     0.42500721      116.80396     0.35523324      170.77369      0.5228161
             60      113.83157     0.38481292      94.923558     0.32130692      139.09266     0.47424562
             65      94.469412     0.35119512      78.691164     0.29288155      115.58934     0.43369662
             70      78.515347     0.31986864      65.356909     0.26658797      96.148739     0.39491424
             75      65.846315     0.29267644       54.79505     0.24382498      80.661954     0.36126444
             80      55.217123     0.26875495      45.910419      0.2239784      67.710611     0.33300888
             85      46.903624     0.24789843      38.953383     0.20628435      57.596444     0.30749652
             90      40.034147     0.22966799      33.210939     0.19066535      49.224488     0.28449549
             95      34.498505     0.21256949      28.593263     0.17642604      42.463793     0.26332718
            100      29.804028     0.19749086      24.688099       0.163865      36.709509     0.24488224
            105      25.782943     0.18818325      21.361597     0.15602486      31.753833     0.23459155
            110      22.480185     0.17301615       18.55408     0.14301946      27.814991     0.21585098
            115      19.830072     0.16147023      16.353137     0.13340758      24.559258     0.20186596
            120       17.44082     0.15203529      14.348817     0.12524391       21.65452     0.19034765
            125      15.047524     0.14064939      12.352947     0.11576213       18.72777     0.17636441
            130      13.479919     0.13444538      11.040208     0.11017732       16.81945     0.16933811
            135      11.973431     0.12583303      9.7889864     0.10317091      14.969468     0.15843175
            140      10.618033     0.11852441      8.6667755    0.096954782      13.298389     0.14975183
            145      9.4898235     0.11208479      7.7198825    0.091532452      11.929092     0.14203481
            150      8.4441966      0.1053696      6.8689374    0.085986869      10.614941     0.13415632
            155      7.3573866     0.10431062      5.9731275    0.084586595      9.2680529     0.13264677
            160      6.7298696    0.094221264      5.4433724    0.076388289      8.5114623     0.12005537
            165      5.9942311    0.089694687      4.8642715    0.072929573      7.5553657     0.11455024
            170       5.584054    0.085748966      4.5111777    0.069460842      7.0723826     0.10949584
            175      4.8663721    0.080348239      3.9230335    0.064825563      6.1777265     0.10305599
            180      4.3406736    0.075751966      3.4877924    0.061025548      5.5300804    0.097283212
            185       4.016558    0.075478237      3.2274376    0.060781544      5.1164248    0.096739406
            190      3.5097213     0.06815763      2.8152413    0.054789098      4.4792699    0.087608973
            195      3.3910442    0.066890369      2.7188395    0.053815458      4.3308521    0.086059477
            200      3.1527816     0.06459683      2.5203297    0.051770068      4.0385879    0.083249541
            205      2.8279653    0.061267844      2.2591874    0.049031983      3.6250069    0.079115964
            210      2.6253396    0.058787607      2.0949778     0.04703223      3.3696845    0.075958116
            215      2.2858623    0.055013475      1.8305882    0.044224747      2.9228242    0.071132181
            220       2.114341    0.053047793      1.6789561    0.042190104      2.7274022    0.068871287
            225      1.8813675    0.049900653      1.4956175    0.039783731      2.4240678    0.064658006
            230      1.8845031    0.050006367      1.5008214    0.039892995      2.4239211    0.064950535
            235      1.6088312    0.046069726      1.2777982      0.0366857      2.0753218    0.059769903
            240      1.5888638    0.045773084      1.2606614    0.036414578      2.0517724     0.05947489
            245      1.4041702    0.046428874      1.1185119    0.036954487      1.8057774    0.060281801
            250      1.3619907     0.10789713      1.0767323     0.08560866      1.7647649     0.13884143
            255      1.2097068    0.039905707     0.96137125    0.031773185      1.5601722     0.05192423
            260      1.0467828    0.037259834      0.8319083    0.029629854      1.3494136    0.048639225
            265      1.0108403    0.036894523     0.80108623     0.02930112      1.3072479    0.048063817
            270     0.93390733    0.035011807      0.7352623    0.027692599      1.2161955    0.045848842
            275     0.85807657    0.033665704     0.67918593    0.026742347      1.1113546    0.043902382
            280     0.81878157    0.032825408     0.64502233    0.025946849      1.0656109    0.042950268
            285     0.74743817    0.031296857     0.58756097    0.024690207     0.97490257    0.041000538
            290      0.6048447    0.028355884     0.47142993     0.02218536      0.7961063    0.037565449
            295     0.65278213    0.029647693      0.5135891    0.023284782      0.8509637    0.039077635
            300     0.57849567    0.027956692     0.45472903    0.021764915     0.75614207    0.038070421
            305     0.59168793    0.028028511     0.46195027    0.021866291     0.77763357    0.037160965
            310     0.53898017    0.026769842     0.42283233    0.021026559     0.70477517    0.035284027
            315     0.48171527    0.025315949      0.3770105    0.019836449      0.6313878    0.033504423
            320      0.4772951    0.025059378      0.3707995    0.019511715      0.6301908    0.033258522
            325     0.39749897    0.022854614      0.3129205    0.018079134     0.51785963    0.029932459
            330      0.3528038    0.021764981     0.27361683     0.01688185     0.46668343    0.028969475
            335     0.34005047    0.021182193      0.2642757    0.016542533     0.44918165    0.028172859
            340     0.35767343    0.021693331     0.28022067    0.016972419     0.46859846    0.029042812
            345        0.30102    0.019866196      0.2362205    0.015714463     0.39368105    0.026222857
            350     0.30816233    0.020198935      0.2382486    0.015645573     0.40915113     0.02695607
            355     0.25417037     0.01875495     0.20238747    0.014910036     0.32728213    0.026777563
            360     0.26979027    0.018901252     0.20688367    0.014540738     0.36140613    0.025442424
            365     0.22987847     0.01733265      0.1822474    0.014169708     0.29733787     0.02319781
            370      0.2240863    0.018756255      0.1736745    0.014586104     0.29683767    0.024894783
            375     0.21039927    0.016960505     0.16361263     0.01320283      0.2778797    0.022580269
            380     0.19875423    0.018047817     0.15521123     0.01408626      0.2609766     0.02387369
            385     0.19923707    0.016733015     0.15459087    0.012934109     0.26358783    0.022402989
            390     0.17356817    0.015137786     0.13418747    0.011748092      0.2304558    0.020181209
            395     0.17769453    0.015419226     0.13792857    0.012002753     0.23512707    0.020532255
            400     0.11354667    0.012547189    0.088254033   0.0096652154      0.1499003    0.016889466
            405      0.1550476     0.01441226     0.11937847    0.011049771     0.20686913    0.019476485
            410     0.14169643    0.013638219     0.10945613    0.010577868     0.18826063    0.018196103
            415     0.13787947    0.013609126     0.10662623    0.010563113      0.1831058     0.01816203
            420     0.10668007    0.011869442      0.0818707   0.0091361284     0.14275093     0.01594167
            425    0.094490166    0.011138081      0.0720396   0.0085204941     0.12727793    0.015055077
            430    0.084111867    0.010526949    0.063740467   0.0079976732     0.11393507    0.014291793
            435    0.083584133    0.010450989    0.064495133   0.0080884997      0.1112319    0.013964326
            440    0.065612767   0.0092806225    0.050609467   0.0071829725    0.087333667    0.012402011
            445    0.099755334    0.012760609    0.076495833   0.0098854292      0.1336119    0.017010137
            450     0.10290343    0.012540273    0.078733967   0.0096737298     0.13818893     0.01680168
            455      0.0721587   0.0097309819    0.054749033   0.0074058627    0.097737466    0.013221644
            460    0.082658366    0.010416849      0.0632865   0.0080014882     0.11097887    0.014041803
            465    0.074750967    0.009906035    0.056249134   0.0074707479     0.10205467    0.013560263
            470    0.062759733   0.0090619272    0.048699167   0.0070577289      0.0831014    0.012055468
            475      0.0674785   0.0094555814    0.052008234   0.0073145179      0.0900131    0.012664532
            480    0.057870634   0.0089234726    0.044588433   0.0068432744    0.077203833    0.012030319
            485    0.065083767   0.0092089951      0.0494564   0.0070296438      0.0880702    0.012519674
            490    0.055144633   0.0085118328    0.041174467   0.0063676674      0.0759144    0.011752522
            495    0.044749633   0.0076757981      0.0336654   0.0057867018    0.061089833    0.010497301
            500    0.042977633   0.0077625574    0.032930467   0.0059611379    0.057801233    0.010552867
            505    0.037670867   0.0070334557    0.028506533   0.0053641969    0.051258034   0.0096143189
            510    0.039300234   0.0071791831      0.0294535   0.0053900352    0.053927833   0.0098759065
            515      0.0492523   0.0081217277    0.036705333   0.0060623667    0.067962833    0.011232246
            520    0.038074767   0.0070710501    0.028268033   0.0052595276    0.052670767   0.0097990316
            525      0.0249994   0.0057365954      0.0185889   0.0042723575    0.034529567   0.0079367376
            530    0.031385733   0.0064069246      0.0243216   0.0049909601    0.041690267   0.0085488256
            535    0.036426433   0.0068888261    0.026611567   0.0050399236    0.051229833   0.0096994573
            540    0.025921967   0.0057963523      0.0187952   0.0042034689    0.036697333   0.0082072119
            545    0.027385134   0.0059759087    0.020416667   0.0044614164    0.037734133   0.0082490595
            550    0.025001867   0.0057362893    0.018627334   0.0042809024    0.034476533   0.0079174219
            555      0.0223318   0.0054240639    0.016726133   0.0040732462      0.0306303   0.0074582618
            560    0.021050167   0.0052666797    0.015665433   0.0039253942      0.0290874   0.0072938045
            565      0.0183797   0.0049132214      0.0139382   0.0037354865      0.0249639   0.0066958202
            570    0.022351733   0.0054230591    0.016438533   0.0039908702    0.031198167   0.0075752526
            575    0.018379067   0.0049119118    0.013362833   0.0035731952    0.025988467    0.006949572
            580    0.019701434   0.0050888268      0.0151342   0.0039226966    0.026346433   0.0068391336
            585      0.0130505   0.0041269113   0.0095541667   0.0030214802    0.018277433   0.0057800493
            590      0.0197345   0.0050956054    0.014618667   0.0037826577    0.027368633   0.0070771444
            595      0.0249209   0.0057176224    0.018025933   0.0041360521    0.035396733   0.0081233406
            600      0.0122399   0.0040871342   0.0088501667   0.0029543372    0.017396467   0.0058119681
            605   0.0094604668   0.0035789567   0.0070352667   0.0026662257      0.0131123   0.0049779555
            610      0.0143746   0.0043343905    0.010406667   0.0031382137      0.0203814   0.0061456166
            615      0.0156586   0.0045202273    0.011855933   0.0034364371    0.021271567   0.0061640337
            620    0.016928633   0.0046950146    0.012198333   0.0033832717    0.024134667   0.0066948164
            625    0.011805667   0.0039361035   0.0085111001   0.0028374615    0.016818233   0.0056081906
            630   0.0091889668   0.0034731475      0.0069335   0.0026337963    0.012542467   0.0047563544
            635    0.011749733   0.0039197066   0.0085567332   0.0028560875      0.0165884   0.0055436813
            640   0.0079558668   0.0032507379      0.0057358   0.0023423206    0.011343133   0.0046401789
            645      0.0103299   0.0036546429   0.0075209333   0.0026605336      0.0145607   0.0051540779
            650    0.011813733   0.0039383191   0.0087245334   0.0029127014    0.016465833   0.0055009201
            655   0.0079395334    0.003241828   0.0056833667   0.0023203049      0.0114072   0.0046597407
            660   0.0079590666   0.0032516802   0.0062344334   0.0025557534    0.010510533   0.0043415153
            665   0.0093883334   0.0035875648   0.0073013667   0.0027907678      0.0124501   0.0048202652
            670   0.0092626667   0.0035026206   0.0066144667   0.0025004983    0.013349167   0.0050515508
            675   0.0078527668   0.0032059264   0.0058716333   0.0024024816    0.010799033   0.0044227071
            680      0.0053128   0.0026572451   0.0038560667   0.0019284018      0.0075116   0.0037576515
            685   0.0065362666   0.0029243414   0.0049235335   0.0022230012      0.0089518   0.0040182707
            690   0.0080126333   0.0032722922   0.0059234333   0.0024239897       0.011169   0.0045745067
            695   0.0090971667   0.0034387153   0.0068989999    0.002617804      0.0123736   0.0047001323
            700    0.010510067   0.0037159548      0.0075388   0.0026656584      0.0150584   0.0053246027
            705   0.0039522001   0.0022818216      0.0030654   0.0017825493   0.0052412334   0.0030434731
            710   0.0080045666   0.0032692047   0.0058941667   0.0024128965    0.011205967   0.0045937727
            715      0.0026033   0.0018407192   0.0019596667   0.0013880109   0.0035564333   0.0025198766
            720   0.0078733332   0.0032144296   0.0056695666   0.0023146333    0.011226933   0.0045843887
            725   0.0064595333   0.0028937541      0.0046453   0.0020798812   0.0092272667   0.0041372928
            730   0.0039891335   0.0023037655   0.0028272666   0.0016326126   0.0057981333   0.0033491907
            735      0.0012968   0.0012967351  0.00094266668  0.00094261955   0.0018294333   0.0018293418
            740      0.0065308    0.002920626   0.0049823333   0.0022428617   0.0088383334    0.003977847
            745   0.0038955001   0.0022489707   0.0032543666    0.001894374       0.004764   0.0027826508
            750   0.0040428002   0.0023348191   0.0028010333   0.0016177632   0.0060231667   0.0034785149
            755   0.0013002333   0.0013001683      0.0009286  0.00092855357      0.0018696   0.0018695065
            760   0.0065954001   0.0029501441   0.0047939667    0.002145884   0.0093387667   0.0041840979
            765   0.0039419667   0.0022758886   0.0028207666    0.001628718   0.0056652333   0.0032707784
            770   0.0039309334   0.0022695497   0.0028234334   0.0016301394   0.0056242667   0.0032475541
            775   0.0039129333   0.0022590656   0.0028145333   0.0016250968   0.0055880667   0.0032261507
            780   0.0013052667   0.0013052014  0.00094609998  0.00094605267      0.0018486   0.0018485075
            785      0.0013089   0.0013088345  0.00093410002  0.00093405332   0.0018873333    0.001887239
            790   0.0039626999   0.0022878981      0.0029879   0.0017302401       0.005421   0.0031355115
            795              0              0              0              0              0              0
            800   0.0026141668   0.0018484037   0.0018940667   0.0013393041   0.0037039667   0.0026190674
            805      0.0013275   0.0013274337  0.00096183332  0.00096178523      0.0018808    0.001880706
            810   0.0026696332   0.0018876306   0.0018987333   0.0013426438   0.0038681667   0.0027351522
            815   0.0012987334   0.0012986685  0.00093349997   0.0009334533      0.0018559   0.0018558072
            820   0.0026491666   0.0018732529   0.0020759333   0.0014750377       0.003485   0.0024729445
            825   0.0026303668   0.0018598675      0.0020677   0.0014717322      0.0034548   0.0024601272
            830   0.0026184334   0.0018514799   0.0018629334   0.0013172767   0.0037833667    0.002675186
            835              0              0              0              0              0              0
            840   0.0026162333   0.0018498639   0.0018675667   0.0013205329   0.0037703333   0.0026659775
            845   0.0039461001   0.0022781941   0.0028504667   0.0016456646      0.0056106   0.0032391427
            850   0.0027381001   0.0019375648        0.00195   0.0013795041   0.0039551333   0.0027997283
            855              0              0              0              0              0              0
            860      0.0026363   0.0018641766   0.0021486001   0.0015337561   0.0033350334   0.0023787359
            865              0              0              0              0              0              0
            870   0.0013029667   0.0013029015      0.0009265  0.00092645368      0.0018859   0.0018858057
            875   0.0038993668   0.0022511881   0.0027617333   0.0015945808      0.0056699   0.0032737631
            880   0.0026667001   0.0018858179   0.0018897333   0.0013364372      0.0038713   0.0027375464
            885   0.0012975666   0.0012975017  0.00092246667  0.00092242053   0.0018770667   0.0018769728
            890              0              0              0              0              0              0
            895   0.0026503333   0.0018740761   0.0019015333   0.0013446521      0.0037986   0.0026859321
            900   0.0013137666   0.0013137009   0.0009471667  0.00094711933      0.0018716   0.0018715063
            905              0              0              0              0              0              0
            910   0.0012992667   0.0012992017   0.0009050333  0.00090498805      0.0019244   0.0019243037
            915              0              0              0              0              0              0
            920              0              0              0              0              0              0
            925   0.0026822333   0.0018970971   0.0020911999   0.0014913334      0.0035522   0.0025224611
            930              0              0              0              0              0              0
            935              0              0              0              0              0              0
            940   0.0013448667   0.0013447994   0.0011369667   0.0011369099   0.0016162333   0.0016161525
            945              0              0              0              0              0              0
            950   0.0013250666   0.0013250004      0.0009551  0.00095505223   0.0018876333    0.001887539
            955              0              0              0              0              0              0
            960              0              0              0              0              0              0
            965   0.0013290667   0.0013290003   0.0011631334   0.0011630752   0.0015026667   0.0015025916
            970              0              0              0              0              0              0
            975              0              0              0              0              0              0
            980              0              0              0              0              0              0
            985              0              0              0              0              0              0
            990              0              0              0              0              0              0
            995   0.0013698667   0.0013697982  0.00095556667  0.00095551888   0.0020245667   0.0020244655
           1000   0.0013698667   0.0013697982  0.00095556667  0.00095551888   0.0020245667   0.0020244655
