#   pt_bb-ptj60        central        num_err    min (scale)        num_err    max (scale)        num_err
              0      22.269244       0.172583      18.074339     0.14017046       28.13363      0.2195203
              5      54.447942     0.27475643      44.306608     0.22331348      68.556309     0.34894922
             10      65.991727     0.30188073      53.907348     0.24635833      82.692328      0.3854493
             15      66.793381     0.31664217       54.70095     0.25779629      83.434659     0.40091486
             20      63.027552     0.28903301       51.80545     0.23761835      78.374736     0.36238422
             25       58.68759      0.2801035      48.305609      0.2304093       72.85213     0.35053375
             30      53.358645     0.26525023      44.017729     0.21902297      66.057042     0.33068904
             35      48.727252     0.25304168      40.207472     0.20893168      60.300007      0.3152646
             40      44.462524     0.24194687      36.719495     0.20000157      54.964711     0.30113337
             45      39.943123     0.22897052      32.982916     0.18939743      49.381226     0.28569131
             50      37.029184     0.22967888      30.514174      0.1895063      45.890153     0.28621343
             55      33.352177     0.21030467       27.48813       0.173591      41.320197     0.26261922
             60      30.711387     0.20280214      25.262871     0.16707004      38.134188     0.25471747
             65      27.993736     0.19248165      22.988052     0.15815944      34.827946      0.2412531
             70      25.582983     0.18279074      20.991698     0.15021151      31.857169     0.22877786
             75      23.544631     0.17572179      19.293369      0.1441027      29.363061     0.22046827
             80      21.394955     0.16776272       17.49419     0.13732796      26.746281     0.21116939
             85      19.496213     0.16035872      15.911204     0.13124052      24.426559      0.2023396
             90      17.636776     0.15265845      14.380261     0.12480503      22.132059     0.19273226
             95      16.280156     0.14630365      13.229268     0.11918511      20.502672     0.18535245
            100      14.649904     0.13862356       11.88349     0.11280516      18.483217     0.17591789
            105      13.458691     0.13781497      10.910645     0.11212735      16.993043     0.17609518
            110      12.218198     0.12787438      9.8529028     0.10332388      15.511816     0.16341534
            115      11.151287     0.12130538      8.9780716    0.097922183      14.182066     0.15524398
            120      10.185025     0.11605605      8.1819205     0.09347744      12.982826     0.14872006
            125      9.1578502     0.10973648       7.345328    0.088258719      11.692472     0.14091805
            130      8.3722834     0.10608395      6.6900384     0.08487937      10.730594     0.13687422
            135      7.5846096     0.10004489      6.0524283    0.080062667      9.7367156      0.1291344
            140      7.0065614    0.096404217      5.5832746    0.076992713       9.007145     0.12463244
            145      6.3807041    0.092131265      5.0612128    0.073250972      8.2427188     0.11962101
            150      5.8593525    0.087838868      4.6481786     0.06985406      7.5677016     0.11410684
            155      5.2178347    0.088976873      4.1368012    0.070661807      6.7435265     0.11549679
            160      4.8119044    0.079641307      3.8034881    0.063100001      6.2377042     0.10377645
            165      4.3938355    0.077016215      3.4775328    0.061113726      5.6893087      0.1002879
            170      4.1125677    0.073500029      3.2478265    0.058237403      5.3373077    0.095819989
            175      3.7069773    0.069899683       2.923441    0.055205884      4.8179213    0.091427163
            180       3.308524    0.066109462       2.598131    0.052033533      4.3193647    0.086756468
            185      3.0758303    0.066655825      2.4141502    0.052507291      4.0167622    0.087254147
            190       2.772722    0.060532979      2.1763878    0.047620924       3.621213    0.079467004
            195      2.6751352    0.059374144      2.0983656    0.046720095      3.4970676    0.077973585
            200      2.5328868    0.057812623      1.9822411    0.045370426      3.3180353    0.076045211
            205      2.3293961    0.055469659       1.820172    0.043422391      3.0565116    0.073128914
            210      2.1570256    0.053224106      1.6820391     0.04162717      2.8363841    0.070254418
            215      1.8944632    0.049890761      1.4832986    0.039181052      2.4811136    0.065627482
            220      1.7662848    0.048477027      1.3739511    0.037783455      2.3280256    0.064165884
            225      1.5775887     0.04564275      1.2277666    0.035616872      2.0784629    0.060369215
            230      1.5960616    0.045766197      1.2416781    0.035699095       2.103841     0.06056357
            235      1.3624913    0.042322413      1.0613886    0.033059465      1.7937721    0.055947251
            240      1.3911314    0.042925283      1.0797856    0.033392033      1.8380401    0.056941861
            245      1.2471497    0.043983005     0.97279323    0.034444199      1.6396708    0.057917766
            250      1.2466132     0.10717322      0.9658816    0.084791551      1.6495329     0.13828319
            255      1.0621802    0.037343083      0.8243649    0.029066479      1.4040156    0.049547283
            260     0.93012297    0.035034504      0.7222985     0.02718525      1.2285246    0.046713687
            265     0.92460513    0.034858959     0.71872733    0.027188123      1.2202236    0.046194241
            270      0.8721733    0.033805241     0.67099803    0.026082163      1.1631495    0.045226467
            275       0.781687    0.032024316      0.6069197    0.024936643      1.0330465    0.042501423
            280     0.77364286    0.031913255      0.5993616    0.024796061      1.0243875    0.042411217
            285      0.6856278      0.0300179     0.52961943    0.023251694     0.91069403    0.040018703
            290       0.584098    0.027818121     0.44524933    0.021261226     0.78625703    0.037540822
            295     0.62734133    0.028909977      0.4828976    0.022302647     0.83627577    0.038687555
            300     0.53939983    0.027069815     0.41635777    0.020661352      0.7185687     0.03755444
            305     0.58373517    0.027751051     0.44596463    0.021238546     0.78419177    0.037394039
            310     0.51219193    0.026011472     0.39333433    0.020032194     0.68449687    0.034901326
            315     0.48788083    0.025343215       0.373961    0.019491522      0.6531856    0.034065377
            320     0.47780487      0.0252208     0.36442843    0.019258523      0.6427201    0.034051539
            325     0.38916233     0.02282861     0.30023033    0.017644948      0.5177049    0.030542539
            330      0.3762967    0.022240129     0.28741733    0.017025563      0.5054431    0.029951528
            335     0.35809403    0.021752463     0.27341693     0.01665096     0.48148493    0.029350945
            340     0.36832063    0.022158473      0.2833133    0.016970401     0.49154487    0.030112485
            345     0.30658313    0.020059452      0.2329814     0.01528293     0.41424507    0.027178487
            350     0.31595453    0.020363337     0.24231967    0.015661233     0.42289433    0.027355312
            355     0.28185527    0.019422052      0.2154809      0.0148752      0.3784189    0.026216152
            360      0.2919208     0.01955902     0.22124337    0.014861173     0.39558357    0.026581805
            365     0.24635893    0.018146672      0.1882945    0.013909767     0.33091173    0.024450372
            370      0.2567338    0.019821867     0.19680257    0.015284668     0.34385817    0.026530692
            375       0.229962    0.017596552      0.1759777     0.01351775      0.3086739    0.023698879
            380     0.22014693    0.018733931      0.1699458     0.01449038     0.29252377     0.02498981
            385      0.2145316    0.017271959     0.16333073    0.013168846     0.28923073    0.023367645
            390     0.18829557    0.015777861     0.14327393     0.01204368      0.2540467    0.021344616
            395      0.2123049    0.016745325      0.1623745    0.012852252     0.28509673    0.022574724
            400     0.13958833    0.013587281     0.10601833    0.010343377      0.1884908    0.018390553
            405     0.18664543    0.015667878      0.1414148    0.011901566     0.25293337    0.021285221
            410       0.158738    0.014435885     0.12173827    0.011113608     0.21240217    0.019403161
            415     0.15913077    0.014609658     0.12215593    0.011267794     0.21285513    0.019623612
            420     0.13131987    0.013231236    0.099664067    0.010064555     0.17768083    0.017963019
            425      0.1259677    0.012860248    0.096010066    0.009831988     0.16969297    0.017388851
            430    0.097965633    0.011314382    0.073518767   0.0085083672     0.13395527    0.015497889
            435     0.10327173    0.011621828    0.078690933   0.0088810781     0.13919237    0.015720973
            440      0.0938724    0.011284605      0.0720548   0.0086760336     0.12549993     0.01516964
            445      0.1288147    0.014305825    0.097811367    0.010956609     0.17419273    0.019269399
            450     0.13319013    0.014041129     0.10075597     0.01070235      0.1807729    0.018996494
            455      0.0981856    0.011476921    0.074042533   0.0086723262      0.1337352    0.015681719
            460     0.11168487    0.012255087       0.085588   0.0094052167     0.14975327    0.016507912
            465    0.096896367    0.011268363    0.072937133   0.0084997894     0.13218057    0.015410608
            470    0.079882634    0.010231127    0.061147233   0.0078578203     0.10721803    0.013788412
            475    0.081937567    0.010412168      0.0622681   0.0079352997      0.1107863    0.014117689
            480    0.070853033   0.0096482925    0.054031267   0.0073759213      0.0954622    0.013044727
            485      0.0794319    0.010174705    0.060206067   0.0077440186     0.10771633    0.013854437
            490      0.0762457    0.010014291      0.0569745   0.0074966914     0.10482183    0.013803379
            495    0.060436866   0.0089119821    0.045646467   0.0067480879      0.0821614    0.012144566
            500      0.0613274   0.0091819912      0.0465596   0.0069884298    0.083126367    0.012542171
            505       0.050924   0.0083975401    0.037866767   0.0062176058    0.070412267    0.011698848
            510    0.054445567   0.0085311283    0.040742667   0.0063931129    0.074741467    0.011736358
            515    0.065027933   0.0093114975    0.048409867   0.0069446399    0.089784533    0.012884508
            520      0.0538075   0.0084039659      0.0401969   0.0062921416    0.073955633    0.011575133
            525    0.038198033   0.0072922463    0.028405567   0.0054265714      0.0527215    0.010082432
            530    0.047128267   0.0078549269    0.036276233   0.0060723639    0.062943366    0.010531452
            535    0.051186199   0.0082085211      0.0377838   0.0060702094    0.071215567    0.011435872
            540    0.045621766   0.0077119396      0.0334441   0.0056585535    0.063833833     0.01079469
            545    0.041984534   0.0074222923      0.0312004   0.0055218694      0.0579965    0.010268355
            550    0.050449801   0.0081983039    0.037715334   0.0061394902      0.0692752    0.011278607
            555    0.028905966   0.0061696128    0.021787433   0.0046645468    0.039395633   0.0084315334
            560    0.030310167   0.0063236317    0.023023233   0.0048286655    0.041005933   0.0086070444
            565    0.034168967   0.0067019675    0.025814933   0.0050727727    0.046471733   0.0091383032
            570    0.035226333   0.0067830815    0.025943233   0.0049969794    0.049041967   0.0094501928
            575      0.0288421   0.0061490103    0.021002067   0.0044791877    0.040674967   0.0086751112
            580      0.0302964   0.0063193521    0.023097233   0.0048322181    0.040805066    0.008546828
            585      0.0288397   0.0061489281      0.0214874   0.0045881383    0.039710333   0.0084801263
            590    0.030220767   0.0063015961      0.0222942   0.0046555669    0.042042933   0.0087753256
            595    0.030168633   0.0062909338    0.022206233   0.0046372989      0.0421227   0.0087953939
            600    0.024152533    0.005699209    0.018005267   0.0042574378    0.033296867   0.0078856795
            605    0.017291333   0.0047988404      0.0128371   0.0035665395      0.0239374   0.0066578272
            610    0.022167567   0.0053781325    0.016541433   0.0040252769    0.030504467   0.0074175956
            615    0.030178967   0.0062929351    0.022866267   0.0047899868      0.0409408   0.0085685981
            620       0.028263   0.0062091961      0.0206097    0.004530807    0.039793367    0.008746205
            625    0.015817933   0.0045672934      0.0114055   0.0032929507    0.022528667   0.0065066731
            630    0.020896567   0.0052274032      0.0156405   0.0039198482    0.028680367   0.0071994047
            635      0.0249433   0.0057247042      0.0183136   0.0042061887    0.034879967   0.0080156079
            640    0.013042733   0.0041304499   0.0096161667   0.0030482754    0.018177067   0.0057710084
            645       0.018157   0.0048554163      0.0134584     0.00360505    0.025129667   0.0067304688
            650    0.014421667   0.0043486554      0.0106499   0.0032151468      0.0200804   0.0060657106
            655    0.013193067   0.0041724025   0.0095361002   0.0030157955    0.018743933   0.0059306654
            660      0.0185421   0.0049579158      0.0143017   0.0038389488    0.024729033   0.0066484445
            665    0.012054567   0.0040527361   0.0092562333   0.0031143462    0.016176233   0.0054933504
            670    0.013252133   0.0041923818      0.0094792   0.0029980821    0.019055067   0.0060320293
            675      0.0144667    0.004362003    0.010640533   0.0032127012    0.020211833   0.0061074177
            680    0.015855567   0.0045777827      0.0117592   0.0034028123    0.021954067   0.0063530424
            685      0.0157011   0.0045333472    0.011570333   0.0033549772    0.021906267   0.0063347559
            690   0.0094006999   0.0035544947   0.0069541333   0.0026340012       0.013084     0.00495913
            695      0.0130181   0.0045188009   0.0098732332   0.0033595006    0.017690267   0.0062850063
            700      0.0131308   0.0041523917   0.0094704667   0.0029952143    0.018697333   0.0059137447
            705   0.0065668668   0.0029367817      0.0049871   0.0022414421   0.0088847334   0.0039874423
            710      0.0132446   0.0041894873      0.0102618   0.0032665375    0.017609933    0.005617226
            715   0.0079245667   0.0032361501   0.0060015334    0.002456213      0.0107419   0.0044002423
            720    0.012995467   0.0041123189   0.0095692666   0.0030323442    0.018119133   0.0057455773
            725    0.014421167   0.0043525136      0.0106229   0.0032165566    0.020110467   0.0060780277
            730       0.010438   0.0036929787   0.0074622666   0.0026418243    0.015017933   0.0053122161
            735   0.0090466999   0.0034225425   0.0067991334   0.0025816034    0.012341933   0.0046799884
            740    0.013287267   0.0042034147    0.010640767   0.0034014565    0.017036933   0.0054691617
            745      0.0064828   0.0028995939   0.0050956666   0.0022998091   0.0084978334   0.0038357807
            750   0.0093172668   0.0035223316      0.0066258   0.0025048148    0.013479767   0.0050997893
            755   0.0052537999   0.0026269015   0.0043072333   0.0021840808   0.0065381666    0.003332907
            760      0.0118577   0.0039529929   0.0088443333   0.0029580682    0.016354867   0.0054727095
            765    0.011212667   0.0037680775      0.0083082   0.0028112362      0.0155595   0.0052290846
            770   0.0039309334   0.0022695497   0.0028234334   0.0016301394   0.0056242667   0.0032475541
            775   0.0065453667   0.0029271583   0.0047260333   0.0021136914   0.0093039333   0.0041609855
            780   0.0026272667   0.0018577029   0.0018991333   0.0013428318      0.0037295   0.0026371216
            785   0.0039610999   0.0022871082   0.0028265667   0.0016318679   0.0057037333   0.0032943937
            790   0.0066514666   0.0029747431   0.0049558667    0.002220373      0.0091855   0.0041130569
            795      0.0013671   0.0013670317  0.00099763337  0.00099758348       0.001918   0.0019179042
            800   0.0065302001      0.0029203   0.0047322334   0.0021162618   0.0092420667   0.0041333272
            805   0.0039861666   0.0023013854   0.0028640666   0.0016535506   0.0056947333   0.0032879674
            810   0.0053568666   0.0026784921      0.0043017   0.0021655328      0.0068446   0.0034519208
            815   0.0026545334   0.0018773784   0.0018708666   0.0013228392   0.0038756667   0.0027428215
            820   0.0064628666   0.0028922621      0.0051824   0.0023360965      0.0082332    0.003705802
            825   0.0039299001   0.0022688599   0.0030180666   0.0017518853   0.0052742667   0.0030597963
            830   0.0052379333   0.0026189202      0.0037521   0.0018761334   0.0075111333   0.0037555371
            835              0              0              0              0              0              0
            840   0.0065457334   0.0029272795       0.004937   0.0022156874   0.0089138333   0.0039970461
            845   0.0078679667   0.0032119961      0.0055816   0.0022801362      0.0114205   0.0046657136
            850      0.0040868   0.0023607132   0.0029116334   0.0016815701   0.0058994667   0.0034085969
            855      0.0013377   0.0013376331   0.0011759666   0.0011759078   0.0015130666   0.0015129909
            860   0.0079496667   0.0032454697   0.0060844668   0.0024953074    0.010678267   0.0043753377
            865   0.0065776667   0.0029419572   0.0047175666    0.002110151   0.0094071333   0.0042076563
            870      0.0026134    0.001847868      0.0018629   0.0013172219      0.0037695   0.0026653062
            875   0.0066006668   0.0029523028   0.0047000666   0.0021026347   0.0095353333   0.0042648321
            880   0.0026667001   0.0018858179   0.0018897333   0.0013364372      0.0038713   0.0027375464
            885   0.0040184332   0.0023215939   0.0028963334    0.001673315      0.0057234   0.0033072509
            890   0.0026511333   0.0018745406   0.0019088334    0.001349723      0.0037764   0.0026702609
            895   0.0039708333   0.0022925329   0.0028467667   0.0016436137   0.0056915667   0.0032859087
            900   0.0052419666   0.0026208715      0.0037454   0.0018727993   0.0075394333   0.0037704033
            905   0.0012985001   0.0012984351  0.00094706668  0.00094701933      0.0018234   0.0018233088
            910   0.0012992667   0.0012992017   0.0009050333  0.00090498805      0.0019244   0.0019243037
            915              0              0              0              0              0              0
            920      0.0026422   0.0018682244   0.0021109334   0.0014975195   0.0033754666    0.002396922
            925   0.0026822333   0.0018970971   0.0020911999   0.0014913334      0.0035522   0.0025224611
            930      0.0026342    0.001862613      0.0019391   0.0013714094   0.0036631333   0.0025902025
            935   0.0013219667   0.0013219006  0.00092590002  0.00092585372      0.0019407    0.001940603
            940   0.0026735667   0.0018904372      0.0021698   0.0015359694   0.0033595333   0.0023771285
            945   0.0025992666   0.0018378674   0.0018780333    0.001327904   0.0036880333   0.0026077077
            950      0.0039929   0.0023052535   0.0028943334   0.0016710862   0.0056500333   0.0032619077
            955      0.0012996    0.001299535  0.00093713335  0.00093708648   0.0018480333    0.001847941
            960              0              0              0              0              0              0
            965   0.0013290667   0.0013290003   0.0011631334   0.0011630752   0.0015026667   0.0015025916
            970              0              0              0              0              0              0
            975              0              0              0              0              0              0
            980   0.0013125999   0.0013125343  0.00093033333  0.00093028682      0.0019019   0.0019018048
            985   0.0039281334   0.0022678394      0.0027971   0.0016156382   0.0056660333   0.0032724411
            990              0              0              0              0              0              0
            995   0.0026785333   0.0018944087      0.0018958   0.0013405099   0.0038913333    0.002753712
           1000   0.0026785333   0.0018944087      0.0018958   0.0013405099   0.0038913333    0.002753712
