#   pt_Z-ptj120        central        num_err    min (scale)        num_err    max (scale)        num_err
              0     0.37158237    0.022099705     0.28945167    0.017273213      0.4896458    0.029236013
              5      1.2090624    0.039732332     0.94408357    0.031113944      1.5890611     0.05242087
             10      2.0170338    0.054365055      1.5753307    0.042618224      2.6512031    0.071602261
             15      2.6537866     0.05906182      2.0782139    0.046396648      3.4786801    0.077739448
             20       3.289638    0.069738831      2.5893331    0.055106135      4.2895539     0.09114273
             25      3.7944223    0.070714661      2.9867539    0.055844603      4.9485597    0.092644679
             30       4.146207    0.073861331      3.2773262    0.058583674      5.3846796     0.09640511
             35      4.6278162     0.07819243      3.6661352    0.062121408      5.9951548     0.10185672
             40      4.8124791     0.07976618      3.8478245    0.063952229      6.1765489     0.10301279
             45      5.0807662    0.081682377      4.0767007    0.065710571      6.4967343     0.10517055
             50       5.232303    0.082793968      4.2256747    0.067782801      6.6459408     0.10690205
             55      5.5119747    0.086608567      4.4527924    0.070128558      6.9968096     0.11063903
             60      5.6379954    0.087803585      4.5837536    0.071537747       7.108942     0.11148118
             65      5.8984539    0.089649535       4.832802    0.073777024      7.3766196     0.11471671
             70      6.0272407    0.089044167      4.9521457    0.073366009      7.5122982     0.11188294
             75       6.124317    0.090378054       5.037946    0.074368559      7.6224466     0.11336438
             80       5.994341    0.089103936      4.9348417    0.073380548      7.4364824     0.11130128
             85      6.0577454     0.08896603      5.0040308    0.073617538      7.4806462       0.110386
             90      6.3373573    0.092496033      5.2331146    0.076265809      7.8290617     0.11530383
             95      6.3619508    0.096074278      5.2530054    0.078930246      7.8613633     0.12003426
            100      6.6158063    0.094669182      5.4683418    0.078244207      8.1652438     0.11776193
            105      6.8334624      0.1400176      5.6444683     0.11135538      8.4407767     0.18133583
            110       7.009909     0.10038742      5.7865148    0.082464172      8.6665271     0.12562592
            115      7.3502893     0.10047281      6.0423474    0.082450213      9.1345129     0.12594136
            120      7.7005081     0.10115276      6.3129484    0.082996056      9.6017505     0.12671674
            125       7.613958     0.10184113       6.236683    0.083387762      9.5049301      0.1280589
            130       7.301366    0.098414946      5.9576324    0.080362522      9.1570701     0.12416958
            135       7.014395    0.096339543      5.7046265    0.078464966      8.8306473      0.1218365
            140      6.6839115    0.094228157      5.4405202    0.076742065      8.4069425     0.11920322
            145      6.0577456    0.089829175      4.9295569    0.073173445      7.6208555     0.11406788
            150      5.5689252    0.085711795      4.5203574     0.06964851      7.0263798      0.1087182
            155      5.1356294    0.082559581      4.1654472    0.067021643      6.4915962     0.10512619
            160      4.7661006    0.080369782      3.8606714    0.065206042      6.0354758     0.10257741
            165      4.3620367    0.079430051      3.5290849    0.064776242      5.5310654     0.10255059
            170      4.2136805     0.07522607      3.4074815    0.061003244      5.3442642    0.096049307
            175      3.6262092    0.069226769      2.9233415    0.055998473      4.6154823    0.088687939
            180      3.3126208    0.068293186      2.6605222    0.054869185        4.23324    0.088066239
            185      2.9814672    0.062906444      2.3993035    0.050778951      3.8014804    0.080704689
            190      2.8149133     0.06105635      2.2645849     0.04931476      3.5911167    0.078398971
            195      2.5876133    0.058383759      2.0738373    0.046950417      3.3141089    0.075214837
            200      2.2958702    0.055525487      1.8381938     0.04460514      2.9432434    0.071590695
            205      2.2255757    0.054483592      1.7803674    0.043735694      2.8555832    0.070323686
            210      1.9942018    0.051563356      1.5910489    0.041146829      2.5671497    0.067490451
            215      1.8647687    0.049548941      1.4850693    0.039582944      2.4041357    0.064275981
            220      1.5926822    0.045965551      1.2665811    0.036662345      2.0560988    0.059694112
            225      1.4606739    0.043876948      1.1584064    0.034913146      1.8918913    0.057155978
            230      1.3488616    0.042277194      1.0736207    0.033762842      1.7402923    0.054882754
            235       1.354875    0.043080356      1.0723327    0.034217045      1.7580374    0.056190291
            240      1.2425866    0.041201881     0.98767083    0.032788054      1.6053859    0.053627659
            245      1.0772406    0.037874385     0.85022537    0.029980021       1.402069    0.049594847
            250      1.0299814    0.037458356      0.8148142    0.029627741      1.3376308    0.049122666
            255     0.89329083     0.03427766     0.71281243    0.027478892      1.1499534    0.044486344
            260     0.81440817    0.032646565      0.6425252    0.025866716      1.0612709    0.042761381
            265     0.79621453    0.032518873     0.62853157    0.025767584      1.0365126    0.042542075
            270      0.7660433    0.031794256     0.60431813    0.025169573      0.9979183    0.041637569
            275     0.67136867     0.02978232      0.5285291    0.023518417      0.8762849    0.039085723
            280      0.5911841    0.027998077     0.46497763    0.022095112     0.77242257    0.036802266
            285     0.53759733    0.026602147     0.42178603    0.020969991     0.70439529    0.035069379
            290     0.51747453    0.026170589     0.40521823    0.020561544      0.6796105    0.034579402
            295     0.53511167    0.026618656     0.41997847    0.020941488      0.7007847    0.035099396
            300     0.46209837    0.025305627     0.36538947     0.01999182     0.60129946    0.033294665
            305     0.42497237    0.028554397     0.33326563     0.02233021     0.55730107     0.03771986
            310      0.3868809    0.022619528     0.30252933    0.017751865     0.50873373    0.029888071
            315     0.36026933    0.023134592     0.28407577    0.018272041      0.4695424    0.030330224
            320     0.32010717    0.020515307     0.24925527    0.016041108     0.42276123    0.027217674
            325     0.31704893    0.020481244     0.25102757    0.016245993     0.41135907    0.026796766
            330     0.30315723    0.019962353      0.2416057    0.015989821     0.39091137    0.025915184
            335     0.25571673    0.018564013     0.20148657    0.014692215     0.33363873    0.024336139
            340     0.26803823    0.018727929     0.20973387     0.01471312      0.3521098    0.024716525
            345     0.26004197    0.018840253       0.202543    0.014730913     0.34317767     0.02496246
            350     0.22502763    0.017162916      0.1750747    0.013404625     0.29748433    0.022801916
            355     0.24592553    0.017940897     0.19270453    0.014127711     0.32295397    0.023687962
            360     0.22162537    0.017059053      0.1704055    0.013162526     0.29647227    0.022908164
            365     0.19278133    0.015908374      0.1509182    0.012508664       0.253457    0.021037591
            370      0.1915202    0.015870973     0.15132357    0.012605352     0.24949773    0.020834809
            375     0.15733737    0.014367395     0.12254993    0.011246439     0.20805783    0.019111252
            380     0.17728687    0.023480379     0.13937777    0.018205132      0.2316999    0.031166131
            385     0.18354543    0.015885898      0.1425351    0.012375433     0.24295947    0.021125943
            390     0.15346037    0.014190306     0.11867463    0.011025715     0.20413963    0.018963555
            395      0.1479806    0.013923452      0.1167467    0.011058405     0.19296707    0.018284329
            400     0.11718013    0.012427541      0.0911679   0.0097016017      0.1547929    0.016495863
            405     0.11538847    0.012301674      0.0881609    0.009433282     0.15550033    0.016645461
            410     0.10340933    0.011637682    0.078732833   0.0088894295     0.13979913    0.015792712
            415       0.116502    0.012501243    0.091661167   0.0098382758     0.15220917    0.016477941
            420       0.115041    0.012268822      0.0888128   0.0095057819      0.1533854    0.016443573
            425      0.1046427    0.011712903    0.080124033    0.009004623     0.14075977    0.015833242
            430      0.0846546    0.010504521    0.065955133    0.008213909     0.11174563    0.013942427
            435    0.083698667    0.010466147    0.064918067   0.0081583196     0.11110247    0.013983525
            440    0.069310266   0.0095207089    0.053941367   0.0074440955    0.091678833    0.012656079
            445    0.073236867   0.0099549846      0.0568789   0.0076444883    0.097173667    0.013529914
            450    0.077956967    0.010067476    0.061615767   0.0080083671     0.10133797    0.013170288
            455    0.056387967   0.0086027459    0.044144267   0.0067647946    0.074142267    0.011386751
            460      0.0563879   0.0087640109      0.0437182   0.0068297202      0.0748741    0.011688736
            465    0.054650833   0.0084363288    0.042135067   0.0065384509    0.073046133    0.011317157
            470    0.049781833   0.0082416352    0.039657567   0.0065988619      0.0640984    0.010676253
            475    0.058889134   0.0087795871    0.045761933   0.0068612288      0.0780056     0.01169708
            480    0.056408867   0.0086148082      0.0438202   0.0067299952      0.0746781    0.011470741
            485      0.0564786   0.0086169396    0.044063767   0.0067604311    0.074571033    0.011441484
            490    0.044853333    0.007696041    0.035123067   0.0060568336      0.0589185     0.01015603
            495    0.025245467   0.0057994116    0.019213867   0.0044272889      0.0341705   0.0078848373
            500      0.0422062   0.0074625563    0.031676333    0.005622067       0.058075    0.010312622
            505    0.046645733   0.0077798439    0.037591366   0.0064003842    0.059604703    0.010169525
            510    0.030087667   0.0062738661    0.023505933   0.0049225052    0.039603667   0.0082952141
            515      0.0328501   0.0065726492      0.0246164    0.004936343    0.045152633   0.0090671383
            520    0.032487667   0.0065014077      0.0247165   0.0049570665    0.043863233   0.0088057661
            525      0.0289273   0.0061677768    0.022109167   0.0047337363    0.038942633   0.0083357134
            530    0.022448967   0.0054450135    0.017022133   0.0041437505      0.0304476   0.0074071955
            535    0.030377067   0.0063356049       0.024828   0.0052109506    0.038109767   0.0080181618
            540    0.027434033   0.0059893889    0.021636167   0.0047832742      0.0357546   0.0078729721
            545    0.034619234   0.0068005132    0.026293633   0.0051917346    0.047061966   0.0092930963
            550      0.0274723   0.0063146517    0.021808617   0.0046425239      0.0356189   0.0093175906
            555    0.024893267   0.0057111781    0.019282667   0.0044526393    0.033113833   0.0076426721
            560    0.035480733   0.0068288142      0.0274481   0.0053145568    0.047312667   0.0091636298
            565    0.021715133   0.0055012667    0.016293767   0.0041453202    0.029801633   0.0075589545
            570    0.014623533   0.0044095957    0.011423767   0.0034673494    0.019274533   0.0058528865
            575    0.019890533   0.0051430111    0.015533233   0.0040406353    0.026193067   0.0067870806
            580    0.019604633    0.005366133    0.014720067   0.0040030748    0.026905567    0.007475994
            585    0.013052667   0.0041275702      0.0100873   0.0032007411      0.0173516   0.0055085282
            590    0.018247333    0.004876699    0.013732933   0.0036839971    0.025001433   0.0067056113
            595    0.016036433   0.0049974924    0.011916867    0.003695038    0.022186867      0.0069596
            600   0.0092850001   0.0035096314   0.0070347333   0.0026698871    0.012629867   0.0047853334
            605      0.0145819   0.0043971528      0.0108856   0.0032873579    0.020096067   0.0060735733
            610    0.012327667   0.0046596508   0.0093371666   0.0035416801    0.016755233   0.0063250473
            615   0.0052804667   0.0026403568   0.0039858333   0.0019979761   0.0071903667   0.0036059477
            620   0.0080360666   0.0032844209   0.0070103334   0.0029306413   0.0092966333   0.0038738875
            625   0.0078347668   0.0031984405   0.0059154001   0.0024212121    0.010671433   0.0043671553
            630   0.0092119668    0.003481997   0.0067334999   0.0025461427    0.012948767   0.0048991654
            635      0.0117304   0.0039113746   0.0092795666   0.0031077821    0.015277433   0.0051448242
            640   0.0065885333   0.0029465074   0.0048342334   0.0021668617      0.0092849   0.0041661397
            645      0.0143863   0.0043393704       0.011706   0.0035448242    0.018076033    0.005480035
            650      0.0131558    0.004160632   0.0098884665   0.0031387464    0.018015067   0.0057142186
            655      0.0067611   0.0030278209   0.0051004334    0.002310059   0.0092680333   0.0041569426
            660   0.0065989667   0.0029510693   0.0050991666   0.0022930293   0.0088146666   0.0039698935
            665   0.0076843999    0.003142055   0.0062116667   0.0025508266   0.0097876334   0.0040462157
            670   0.0038988666   0.0022509034      0.0030533   0.0017693247      0.0051107   0.0029608622
            675   0.0078123333    0.003189242   0.0060037335    0.002463486       0.010473   0.0042982508
            680   0.0069632333   0.0031271559   0.0054434667   0.0024512337   0.0091060666   0.0040875143
            685   0.0078345333   0.0031983896   0.0060630001   0.0024837336    0.010415467   0.0042670418
            690   0.0066143335   0.0029581046   0.0048083666   0.0021509004      0.0093392   0.0041779368
            695   0.0078710334   0.0032132921   0.0056162001   0.0022936383      0.0113649   0.0046429881
            700   0.0073836336   0.0045292261   0.0065363669   0.0036469455   0.0083441667   0.0056085686
            705   0.0052597333   0.0026299899   0.0039983001   0.0020110464      0.0071343   0.0035872827
            710   0.0078391332   0.0032002257   0.0062252333   0.0025765178    0.010196367   0.0042312896
            715      0.0051959    0.002598322   0.0037653666   0.0018853153      0.0073702   0.0036858228
            720   0.0099931998   0.0038344264   0.0077317666   0.0030248328    0.013306933    0.005061965
            725   0.0039979667   0.0023084997   0.0031374667   0.0018157368   0.0052161333   0.0030315379
            730   0.0052229667   0.0026114263   0.0041075667   0.0020600762   0.0068318999    0.003431137
            735   0.0013175334   0.0013174675   0.0011088666   0.0011088112      0.0015926   0.0015925204
            740   0.0092402667    0.003492727   0.0066962333   0.0025318951    0.013092767   0.0049505292
            745   0.0065562667   0.0029338991   0.0050288333   0.0022688866   0.0088602334   0.0039874715
            750      0.0026415   0.0018678082   0.0021237333   0.0015079392   0.0033582333   0.0023826115
            755   0.0065486999   0.0029286065   0.0051542667   0.0023163373   0.0085268668   0.0038372017
            760      0.0066224   0.0029623446      0.0051845   0.0023329764      0.0087319   0.0039364035
            765      0.0026269   0.0018574953   0.0020544667   0.0014576194   0.0034597333   0.0024608462
            770   0.0052808999   0.0026405808   0.0038194001    0.001910094      0.0074964   0.0037482763
            775              0              0              0              0              0              0
            780      0.0026043   0.0018414273      0.0021375   0.0015256813   0.0032601333   0.0023343154
            785   0.0039432334     0.00227673   0.0028338666    0.001636247      0.0056344   0.0032532626
            790   0.0065763335   0.0029409101   0.0050308001   0.0022578823   0.0088604001   0.0039760145
            795              0              0              0              0              0              0
            800   0.0052150667   0.0026074509   0.0038647999   0.0019420132   0.0072740666   0.0036517253
            805   0.0050485334   0.0025289791   0.0036293333   0.0018176617   0.0072148667   0.0036177401
            810   0.0066041999    0.002953747      0.0047818   0.0021485241   0.0094502334   0.0042380562
            815      0.0040109   0.0023163886      0.0030314   0.0017587622      0.0054963   0.0031931569
            820      0.0013407    0.001340633   0.0012246333    0.001224572      0.0014424   0.0014423278
            825   0.0025995667   0.0018380801   0.0018463334    0.001305492      0.0037651   0.0026622244
            830        0.00135   0.0013499325      0.0011648   0.0011647418      0.0015637   0.0015636218
            835   0.0013155333   0.0013154675      0.0010508   0.0010507475   0.0016760667   0.0016759828
            840   0.0012973333   0.0012972684  0.00093050003   0.0009304535   0.0018574333   0.0018573405
            845              0              0              0              0              0              0
            850   0.0013288334    0.001328767  0.00093030002   0.0009302535   0.0019513667   0.0019512692
            855              0              0              0              0              0              0
            860              0              0              0              0              0              0
            865              0              0              0              0              0              0
            870   0.0026455332   0.0018706143   0.0019012333   0.0013450293      0.0037889   0.0026798905
            875   0.0012940333   0.0012939686   0.0010683999   0.0010683465      0.0015974   0.0015973202
            880   0.0013089334   0.0013088679   0.0011003333   0.0011002783      0.0015847   0.0015846208
            885              0              0              0              0              0              0
            890      0.0013295   0.0013294335   0.0010244667   0.0010244154   0.0017600667   0.0017599787
            895   0.0026564667   0.0018784116   0.0020870334   0.0014812392   0.0034755667   0.0024752141
            900   0.0013070667   0.0013070014  0.00091940002  0.00091935405      0.0019126   0.0019125043
            905      0.0012994    0.001299335  0.00090656668  0.00090652135   0.0019229333   0.0019228372
            910              0              0              0              0              0              0
            915              0              0              0              0              0              0
            920      0.0013377   0.0013376331   0.0011759666   0.0011759078   0.0015130666   0.0015129909
            925              0              0              0              0              0              0
            930              0              0              0              0              0              0
            935              0              0              0              0              0              0
            940   0.0013006334   0.0013005683   0.0010997667   0.0010997117   0.0015494334   0.0015493559
            945   0.0039959999    0.002307063   0.0035723001   0.0020644233      0.0044468    0.002574716
            950              0              0              0              0              0              0
            955      0.0013454   0.0013453327  0.00094000003  0.00093995302   0.0019890667   0.0019889672
            960              0              0              0              0              0              0
            965              0              0              0              0              0              0
            970              0              0              0              0              0              0
            975      0.0013107   0.0013106344   0.0010868999   0.0010868456      0.0016139   0.0016138193
            980   0.0026442333   0.0018696923   0.0018767667   0.0013272323   0.0038351667   0.0027118719
            985   0.0013273333    0.001327267  0.00091946665  0.00091942068   0.0019811333   0.0019810342
            990              0              0              0              0              0              0
            995   0.0013205001    0.001320434  0.00092483337  0.00092478712   0.0019459667   0.0019458695
           1000   0.0013205001    0.001320434  0.00092483337  0.00092478712   0.0019459667   0.0019458695
