# pt_Z-mbbZ1000        central        num_err    min (scale)        num_err    max (scale)        num_err
              0      363.64125     0.67876252      306.34676     0.57272504      438.33131     0.82889184
              5      849.97397     0.99674202      715.49191     0.83939687      1025.6842      1.2174254
             10      965.36209      1.0517264      812.18523     0.88577195      1165.8415      1.2870859
             15      893.94827      1.0214109       751.7983     0.85897049      1080.2685      1.2459965
             20      770.55797     0.95423271      647.93039     0.80559363      931.42076      1.1719676
             25      642.35621     0.87837664      539.77162     0.73840652      777.17658      1.0718125
             30      529.22897     0.80543651      444.38114     0.67627499      640.95434     0.98366657
             35      435.33769     0.73594189      365.26377     0.61763826       527.7806     0.89953756
             40      358.20305       0.671141      300.31347     0.56345068      434.72541      0.8276911
             45      294.65614     0.61995645      246.75543     0.52069271      358.14368     0.76888467
             50      245.38905     0.56065036      205.26409      0.4693433      298.70437     0.68890434
             55      202.10562     0.51067246      168.93352     0.42713751      246.25269     0.63020578
             60      168.42579     0.46825726      140.56239     0.39090318      205.62711     0.57712169
             65      141.61843     0.42991087      118.10216     0.35999994      173.06177     0.53356619
             70      118.06306     0.39253383      98.357733     0.32724138      144.46902     0.48454531
             75      99.533505     0.36086677      82.790483      0.3003414       122.0343     0.44579607
             80      84.086611      0.3345313      69.900563     0.27800355      103.17625     0.41447906
             85      71.889515     0.30861867      59.730803     0.25664061      88.268664     0.38298459
             90       61.32154       0.283691      50.854859     0.23543076      75.463535     0.35188794
             95      52.230089     0.26344193      43.281482     0.21837688      64.337761     0.32716664
            100       44.97442     0.24453199      37.260152     0.20269632      55.416293     0.30398399
            105      38.493827     0.24683274      31.844843     0.20202457      47.514219     0.31076611
            110      33.539748      0.2116562      27.752822     0.17511665      41.389097     0.26355874
            115       28.68974     0.19587951       23.71889     0.16200252      35.440833     0.24406396
            120      25.126224     0.18243812      20.766869      0.1508552      31.049671     0.22719083
            125      21.893536     0.17086243      18.079749     0.14113169      27.081438     0.21296367
            130       19.09502     0.15912759       15.77138     0.13151196      23.615776     0.19832655
            135      16.725465     0.14837654      13.805946     0.12269569      20.700161     0.18487893
            140      14.818684     0.13984996      12.240141     0.11556459       18.32623     0.17429579
            145      12.931773     0.13112417      10.677026     0.10828889      16.000061     0.16378506
            150      11.228151     0.12149942      9.2571885     0.10045087      13.922028     0.15179683
            155      9.8821745     0.11411644      8.1527129    0.094293276      12.244114     0.14279362
            160      8.9079595     0.10902276      7.3239507    0.089824453       11.08042     0.13679917
            165      7.8817945     0.10458819      6.4722908    0.086259072      9.8172538     0.13250007
            170      7.2631655    0.098385811      5.9674047    0.081137534      9.0409859     0.12368381
            175      6.3072818    0.091507621      5.1721003    0.075272371      7.8683221     0.11616758
            180      5.6386588    0.088162776      4.6190647    0.072291696      7.0422542     0.11147433
            185      5.0616008    0.081938968      4.1435558    0.067226176      6.3249773     0.10325353
            190      4.6785677    0.078738662      3.8274583    0.064589925      5.8523502    0.099303769
            195      4.0682414     0.07325963      3.3179839    0.059939712       5.106129    0.092741715
            200      3.7748571    0.070926392      3.0780316    0.057943555      4.7385769    0.089853025
            205      3.4148773    0.067471005      2.7821969     0.05513958      4.2901245    0.085741301
            210      3.1179506     0.06495579      2.5343241    0.052814118      3.9282309    0.083047325
            215       2.832339    0.061281413       2.301882    0.049904213      3.5683295    0.077905945
            220      2.4215909    0.056786925      1.9633722    0.046158329      3.0581836    0.072258932
            225      2.2634328    0.058691057        1.83455    0.047743984       2.860066    0.074396597
            230      2.0613824    0.052273212      1.6724862    0.042495576      2.6018861    0.066639747
            235      1.9556916    0.051573169      1.5787962     0.04169392      2.4819872    0.065994523
            240      1.7987339    0.049358704      1.4562636    0.039995845      2.2757318    0.062996579
            245      1.6197011    0.046405113      1.3097176    0.037607093      2.0520571    0.059351321
            250      1.4842369    0.044584158      1.1992407    0.036031283      1.8826637     0.05732353
            255      1.3284163     0.04195105      1.0820903    0.034297169       1.670062     0.05335281
            260      1.1635396    0.039108024     0.93496195    0.031504307      1.4849976    0.050322353
            265      1.0896794    0.038174978      0.8800277    0.030890575      1.3830062    0.048889293
            270      1.0507605    0.037371236     0.84214676    0.030005406      1.3446146    0.048177472
            275     0.93819343    0.035403513     0.75582127    0.028565926       1.193605    0.045609577
            280      0.8119306    0.032875576     0.65573577    0.026546556      1.0304364    0.042380028
            285     0.73066693     0.03103398      0.5862639    0.025003717     0.93400956    0.040005206
            290     0.71244113    0.030669565      0.5708594    0.024688496     0.91236728    0.039588741
            295     0.72248263    0.031086203     0.57923273    0.024859885     0.92433913    0.040325567
            300     0.60969827    0.028931018     0.49091887    0.023264869     0.77703582    0.037401366
            305     0.56612473    0.031782218      0.4552975    0.025247342     0.72211563    0.041443272
            310     0.54231043    0.026866972      0.4328781    0.021491981      0.6971039    0.034801494
            315     0.47198013    0.026150325     0.37895593     0.02100228     0.60275907    0.033705754
            320     0.42932137    0.023766305     0.34163923    0.019006475      0.5538422    0.030832521
            325     0.40714407    0.023343664     0.32933033    0.018892878     0.51592251    0.030025474
            330      0.4016925    0.023002876      0.3262218    0.018785986      0.5069057    0.029286541
            335     0.35555037    0.022312357     0.28624133     0.01795033      0.4529206    0.028736096
            340     0.35349933    0.021518994     0.28280193    0.017295371     0.45324883    0.027746361
            345     0.34698843    0.021637495      0.2772878    0.017397681     0.44544226     0.02801294
            350     0.29801433    0.019897909     0.23997743    0.016111198     0.37957392    0.025608971
            355     0.29427777    0.020075173      0.2393878    0.016337518     0.37098579    0.027934765
            360      0.2635168    0.018597957     0.20472293    0.014500659     0.34854157    0.024696631
            365     0.26056633    0.018571669     0.21191773    0.015497399      0.3283053    0.024235644
            370     0.22961787    0.017376719     0.18297673    0.013917944     0.29612813    0.022579391
            375     0.20558117    0.016412492     0.16375787    0.013141912     0.26522297    0.021316869
            380     0.21646473    0.024614851     0.17278193    0.019252434     0.27823047    0.032417327
            385     0.21416113    0.016732739     0.16914913    0.013279768     0.27849153    0.021879628
            390     0.17373513    0.015144752       0.137007    0.012006369      0.2263171    0.019848393
            395      0.1670849    0.014773624      0.1322895    0.011771135     0.21695703    0.019326815
            400     0.14056667    0.013987591     0.11115547    0.010936879      0.1824469    0.018567287
            405     0.14174807    0.013763339      0.1110906    0.010823487     0.18595627    0.018171426
            410     0.11533057     0.01229797       0.089596   0.0095938529     0.15273823    0.016367164
            415     0.12814373    0.013345742     0.10384363    0.010646844      0.1621237     0.01740995
            420      0.1334787    0.013221794     0.10522753     0.01046877     0.17401397    0.017338531
            425     0.11273163    0.012168055    0.087662733   0.0095034239      0.1492161    0.016192741
            430    0.093808534    0.011215684    0.074752233   0.0089092611     0.12084277    0.014674591
            435    0.094399567     0.01113838    0.074211667   0.0087967134      0.1234301    0.014653034
            440      0.0966808    0.011238979    0.076417733   0.0089289184     0.12565973    0.014695958
            445    0.074766033    0.010069849    0.059724566   0.0079671932    0.096233933    0.013325636
            450    0.068935067   0.0094711916    0.054492433   0.0075242068    0.089650234    0.012383208
            455    0.064277667   0.0091860132    0.051000533    0.007329469    0.083293633    0.012000807
            460    0.061399067   0.0091157262    0.048165334    0.007185168      0.0805673    0.012032032
            465       0.065281   0.0092379871      0.0511098   0.0072856125       0.085871    0.012236287
            470    0.047064767    0.008014624      0.0370123   0.0063250381      0.0614965    0.010510644
            475    0.049753034   0.0080720728      0.0390044   0.0063639315    0.065339967    0.010664126
            480       0.055091   0.0085135889      0.0430702   0.0066931433    0.072432133    0.011261039
            485      0.0559241   0.0088657248      0.0439632   0.0069404925    0.073340233    0.011811266
            490      0.0405778    0.007290795    0.031686167   0.0057162638    0.053475501   0.0096570928
            495      0.0291511   0.0062223047      0.0220875   0.0047279169    0.039617567   0.0084888098
            500      0.0436346   0.0075979978    0.032608433   0.0056985368    0.060332067    0.010551822
            505    0.045556267    0.007703486    0.037147166   0.0064119284    0.057489303   0.0099514209
            510    0.031386233   0.0064068325      0.0244564   0.0050134174    0.041425133   0.0084928197
            515    0.033129967   0.0066311553    0.024980567   0.0050208141      0.0452903   0.0090930879
            520    0.028390633   0.0060560023      0.0215598   0.0046103064       0.038448   0.0082328045
            525    0.026254466    0.005870975    0.019735533   0.0044276306    0.035964933   0.0080654734
            530    0.020010767   0.0051720409    0.015125533   0.0039218701    0.027223867   0.0070566633
            535      0.0289514   0.0061734833    0.023064567    0.004950454    0.037394667   0.0080385158
            540    0.031377867    0.006407597      0.0251476   0.0051982017      0.0401527   0.0082754575
            545      0.0306373   0.0064001209    0.023237067   0.0048808547      0.0417527   0.0087685468
            550    0.022208066   0.0057397941    0.017968783   0.0042264022    0.028218333   0.0085485508
            555    0.026234866   0.0058668762    0.020080633    0.004517249    0.035335733    0.007946632
            560    0.027527067   0.0060073993    0.020792967   0.0045624288    0.037675667   0.0082676775
            565    0.020366533   0.0053335382      0.0151618   0.0039872943    0.028163167   0.0073766548
            570    0.011992433   0.0039978973   0.0093449001   0.0031361035    0.015874467   0.0053298066
            575    0.018525367   0.0049587611    0.014312567   0.0038540916    0.024691567    0.006619651
            580    0.018127033   0.0051631561    0.013600333   0.0038470078    0.024932867     0.00721804
            585      0.0130127    0.004114806    0.010057833   0.0031920182    0.017309167    0.005493812
            590    0.018298633   0.0048911153      0.0139711   0.0037520073    0.024726867   0.0066472305
            595    0.010542933   0.0041705223      0.0077073   0.0030311143    0.014839867   0.0058957311
            600   0.0079381334   0.0032410403   0.0060333666   0.0024754067      0.0107844   0.0044152149
            605      0.0132717   0.0041974398   0.0098766999   0.0031287289    0.018360033   0.0058202047
            610    0.013647033   0.0048428195    0.010346967   0.0036828104    0.018514067    0.006565014
            615   0.0026156334   0.0018494678   0.0020631333   0.0014641051   0.0034030334   0.0024142128
            620   0.0052445333   0.0026223423   0.0043461334   0.0021870102   0.0064923333   0.0032794542
            625   0.0065348667   0.0029224049   0.0049663334   0.0022274718   0.0088464999   0.0039676185
            630   0.0078855667   0.0032195354   0.0057771666   0.0023597323      0.0110669   0.0045234014
            635    0.010355633   0.0036623327   0.0081494333    0.002897321    0.013575833    0.004850326
            640   0.0078685999   0.0032123164   0.0057285334   0.0023435641    0.011175433   0.0045753877
            645    0.010519966   0.0037194365   0.0086484334   0.0030697095    0.013103467   0.0046618078
            650    0.011822033   0.0039411451   0.0085753666   0.0028623763    0.016771833   0.0055928062
            655   0.0052814334    0.002641686   0.0037551334   0.0018779567   0.0076511333   0.0038296302
            660   0.0039718667      0.0022931   0.0028061333   0.0016201658   0.0057918667   0.0033438913
            665      0.0037241   0.0021551124   0.0030834333   0.0017837763      0.0046287   0.0027225152
            670      0.0026055   0.0018422746   0.0020806334   0.0014782131   0.0033566666    0.002386516
            675   0.0051940333   0.0025968916   0.0038941667   0.0019555875      0.0071571   0.0035927107
            680   0.0039713999   0.0022941669   0.0029844332   0.0017324499   0.0054704666   0.0031760819
            685   0.0078345333   0.0031983896   0.0060630001   0.0024837336    0.010415467   0.0042670418
            690   0.0026634335   0.0018833914   0.0019025333   0.0013453346      0.0038366   0.0027129469
            695   0.0052474333   0.0026236905   0.0036821333   0.0018413702       0.007724   0.0038637809
            700   0.0026142334   0.0018484545   0.0021554667   0.0015244789   0.0032410668   0.0022922554
            705   0.0052597333   0.0026299899   0.0039983001   0.0020110464      0.0071343   0.0035872827
            710   0.0038993999   0.0022512129   0.0029880333   0.0017345972   0.0052832333   0.0030643123
            715   0.0038616333    0.002229616   0.0027469333   0.0015866036   0.0055863667   0.0032254529
            720   0.0066226999   0.0029618863      0.0047634   0.0021314435   0.0094827333   0.0042434738
            725   0.0040328667   0.0023283823   0.0031845666   0.0018458123      0.0052361   0.0030413084
            730   0.0039202666   0.0022633359   0.0031624334   0.0018304989   0.0049928666   0.0028967214
            735   0.0026644667    0.001884083        0.00204   0.0014478898      0.0036095   0.0025697471
            740   0.0065705001   0.0029384292   0.0047434333   0.0021222269      0.0093517   0.0041837521
            745   0.0038464334   0.0022218254      0.0029231   0.0017054407   0.0052710667   0.0030636972
            750              0              0              0              0              0              0
            755   0.0026267667     0.00185742   0.0018870333    0.001334326      0.0037578   0.0026572258
            760      0.0053016   0.0026516492   0.0039775333   0.0020010698   0.0073217667   0.0036833764
            765   0.0013005666   0.0013005016   0.0011122333   0.0011121777      0.0015408   0.0015407229
            770   0.0039197333   0.0022629733   0.0030493001   0.0017718902   0.0051870666   0.0030140751
            775   0.0012995333   0.0012994683  0.00093463332  0.00093458658   0.0018568667   0.0018567738
            780   0.0039878334   0.0023032212      0.0030697   0.0017879075   0.0053954998   0.0031635997
            785   0.0026395667   0.0018665804   0.0018897333   0.0013364153      0.0037888   0.0026791452
            790   0.0052720001    0.002635875   0.0040857667    0.002050618   0.0070168334   0.0035228246
            795      0.0013068   0.0013067346  0.00095216668  0.00095211907   0.0018392333   0.0018391413
            800      0.0038982    0.002250519   0.0027314333     0.00157703   0.0057372333   0.0033126239
            805   0.0050485334   0.0025289791   0.0036293333   0.0018176617   0.0072148667   0.0036177401
            810   0.0066041999    0.002953747      0.0047818   0.0021485241   0.0094502334   0.0042380562
            815      0.0040109   0.0023163886      0.0030314   0.0017587622      0.0054963   0.0031931569
            820      0.0013407    0.001340633   0.0012246333    0.001224572      0.0014424   0.0014423278
            825   0.0025995667   0.0018380801   0.0018463334    0.001305492      0.0037651   0.0026622244
            830              0              0              0              0              0              0
            835   0.0026351334   0.0018632297   0.0021234001   0.0015014746   0.0033242666   0.0023505765
            840   0.0012973333   0.0012972684  0.00093050003   0.0009304535   0.0018574333   0.0018573405
            845              0              0              0              0              0              0
            850              0              0              0              0              0              0
            855              0              0              0              0              0              0
            860   0.0013000999   0.0013000349  0.00092143332  0.00092138725      0.0018905   0.0018904055
            865              0              0              0              0              0              0
            870   0.0013148666   0.0013148009  0.00091946665  0.00091942068   0.0019426667   0.0019425695
            875   0.0012940333   0.0012939686   0.0010683999   0.0010683465      0.0015974   0.0015973202
            880   0.0013089334   0.0013088679   0.0011003333   0.0011002783      0.0015847   0.0015846208
            885              0              0              0              0              0              0
            890              0              0              0              0              0              0
            895   0.0013419333   0.0013418662  0.00095286668  0.00095281903   0.0019469667   0.0019468693
            900   0.0013070667   0.0013070014  0.00091940002  0.00091935405      0.0019126   0.0019125043
            905      0.0012994    0.001299335  0.00090656668  0.00090652135   0.0019229333   0.0019228372
            910              0              0              0              0              0              0
            915              0              0              0              0              0              0
            920              0              0              0              0              0              0
            925              0              0              0              0              0              0
            930      0.0013872   0.0013871307  0.00092396667  0.00092392047   0.0021664332   0.0021663248
            935              0              0              0              0              0              0
            940              0              0              0              0              0              0
            945   0.0026781666   0.0018936813   0.0023314001   0.0016498984   0.0031067666    0.002198557
            950              0              0              0              0              0              0
            955      0.0013454   0.0013453327  0.00094000003  0.00093995302   0.0019890667   0.0019889672
            960              0              0              0              0              0              0
            965              0              0              0              0              0              0
            970              0              0              0              0              0              0
            975      0.0013107   0.0013106344   0.0010868999   0.0010868456      0.0016139   0.0016138193
            980   0.0013145667    0.001314501  0.00092113337   0.0009210873   0.0019367333   0.0019366365
            985   0.0013273333    0.001327267  0.00091946665  0.00091942068   0.0019811333   0.0019810342
            990              0              0              0              0              0              0
            995   0.0013205001    0.001320434  0.00092483337  0.00092478712   0.0019459667   0.0019458695
           1000   0.0013205001    0.001320434  0.00092483337  0.00092478712   0.0019459667   0.0019458695
