#pt_Z-CMS-2bjet        central        num_err    min (scale)        num_err    max (scale)        num_err
              0      1.0344026    0.025946089     0.89270448     0.02255765      1.2108792    0.031926055
             10      2.8717575    0.043357747      2.4581933    0.037152262      3.3980738    0.051725122
             20      3.7553653    0.035160546      3.1935709    0.029912408      4.4813296    0.042295631
             40      3.1177664    0.031893387      2.6329078    0.026967266      3.7533477    0.038635992
             60      2.9003788    0.031202282      2.4440509    0.026270034      3.5007371    0.037968484
             80       2.360922    0.027908076      1.9925291    0.023593409      2.8443942    0.033857609
            100      1.4104636    0.017144541      1.1852152    0.013967575      1.7082646    0.021676216
            150     0.61295581   0.0089988591     0.51091305   0.0075097097     0.74968096    0.011091054
            200     0.61295581   0.0089988591     0.51091305   0.0075097097     0.74968096    0.011091054
