# y_bbZ-mbbZ250        central        num_err    min (scale)        num_err    max (scale)        num_err
             -5       0.602195     0.19349657     0.50091334     0.16113133     0.73482167     0.23596701
           -4.9      1.1366572     0.26306727     0.95994084     0.22381565      1.3584132       0.311806
           -4.8      4.2981645     0.49729664      3.5653535     0.41256017       5.282165     0.61259265
           -4.7      12.355551     0.89005512      10.529702     0.72786674      14.653844      1.1669564
           -4.6      37.211402       1.523993      31.346168      1.2846642       44.86147      1.8425929
           -4.5      84.577768      2.3624472      71.283179      1.9915365      101.91261      2.8549183
           -4.4      155.68669      3.2309554      131.86495      2.7479604      186.36909      3.8914529
           -4.3      288.86714      4.4170748      244.43842      3.7383866      346.26626      5.3194994
           -4.2      447.68873      7.2065982      379.33024      6.0863882      535.74571      8.6839457
           -4.1      635.60563      6.5068098      539.49744       5.525823      758.92258      7.7914636
             -4      887.19794      7.6574918      754.17239       6.510475      1057.2901      9.1781212
           -3.9      1149.5888      8.7161934      976.28946      7.4016078      1371.8549      10.457113
           -3.8      1449.0025      9.7263163      1231.1599      8.2660842      1728.1773      11.668694
           -3.7      1754.5859      10.713957       1490.816        9.10451      2092.7308      12.925551
           -3.6       2048.062      11.537357       1739.086      9.7991255      2444.8747      13.853399
           -3.5      2386.9465      12.459623       2025.723      10.571412      2851.6867      14.971018
           -3.4      2710.3042      13.257656      2302.0863      11.351686      3234.5552      16.174312
           -3.3      2977.9815      13.898458      2527.3519      11.799735      3557.9025      16.761671
           -3.2      3245.0795      14.492871      2751.7473      12.289317      3881.4366      17.471331
           -3.1      3473.3115      15.091058      2942.7929      12.776608      4159.2083      18.259147
             -3      3696.7159      15.474824      3130.9794       13.11014      4428.8285      18.679675
           -2.9      3897.9747      15.940616      3303.4321      13.666814      4666.2477      20.218071
           -2.8      4047.7954      16.176502      3423.9458      13.685023      4857.6876      19.536191
           -2.7      4168.2195      16.455936      3525.4903      13.890654      5002.7748      20.140053
           -2.6      4289.2064      16.645768       3626.145      14.074747      5151.2225       20.14967
           -2.5       4385.612      16.916753      3704.0606      14.281826      5273.5626      20.496328
           -2.4      4464.9409      17.154944      3770.6938      14.466328      5369.7202      20.817802
           -2.3      4501.6631      17.054423      3800.6737      14.406649      5415.8035      20.689394
           -2.2      4574.0601      17.216507      3859.1284      14.524127      5507.8006      20.891068
           -2.1      4579.3613      17.273356      3861.8897       14.56528      5517.3776       21.02025
             -2       4614.912      17.332703      3890.9317      14.593814      5561.9039      21.169501
           -1.9      4646.7415      17.332517      3916.3589      14.609727      5602.8357      21.065557
           -1.8      4664.2195      17.371717       3931.276      14.643491      5623.4654      21.165108
           -1.7      4697.5403      17.491269      3957.7875      14.734392      5666.7303      21.333818
           -1.6      4683.6611      17.417733      3944.9014      14.670427      5652.0894      21.190685
           -1.5      4724.2547      17.438912      3978.9675      14.701052       5701.279      21.228939
           -1.4      4714.4019        17.5278      3970.5681      14.763776      5689.6148      21.375147
           -1.3      4721.2979      17.456243      3977.2618      14.763365      5696.2396      21.458706
           -1.2      4715.0924      17.428064      3970.4328      14.678647      5691.7623      21.250584
           -1.1      4742.0747      18.256152      3991.0772      15.268964      5728.2156      22.439086
             -1      4766.2974       17.72171      4011.9075      14.890119      5756.4703      21.644661
           -0.9      4759.3073      17.564327      4004.4032      14.875261      5751.0984      21.691704
           -0.8       4783.246      17.600906       4026.634      14.865493      5776.1125      22.004444
           -0.7      4773.3319      17.510614      4015.6446      14.735196       5769.152      21.325358
           -0.6       4799.184      17.627927      4038.5981      14.849963      5798.0928      21.704353
           -0.5      4816.4768      17.752961      4050.3764      14.910532      5824.0446      21.683036
           -0.4      4762.0798      17.488465      4006.3403      14.724264      5755.2652      21.336974
           -0.3      4781.2388       17.55916      4021.7189      14.768061      5779.7577       21.43222
           -0.2      4781.4991       17.52812      4021.1224      14.741058      5781.5103      21.387672
           -0.1      4816.8895      17.701073      4049.8857      14.875827      5826.0906      21.637772
              0      4811.9728       17.62908      4048.0723      14.845011      5815.9547      21.563729
            0.1      4783.9485      17.570788        4026.31      14.983913       5778.512      22.015365
            0.2      4802.9007      17.581209      4042.1864      14.804164      5801.5509      21.492213
            0.3      4771.7269      17.531591      4012.8579       14.74481      5769.8339      21.409977
            0.4      4781.7773      17.534767      4023.1426      14.751158      5778.5501       21.39748
            0.5      4776.6205      17.531658      4018.4206      14.754776      5773.0568      21.362423
            0.6      4774.9574      17.543102       4017.891       14.76156      5769.4196      21.388304
            0.7      4786.9202      17.547766      4028.2786      14.768679      5783.2713      21.389183
            0.8       4786.342      17.589629      4027.1726      14.798867      5783.6833      21.466729
            0.9      4753.3391      17.517328      4001.2943      14.753289      5740.3924      21.425326
              1      4736.8274      17.487769      3986.9422       14.73108      5721.2249      21.334836
            1.1      4731.5185      17.490724       3983.479      14.726631      5713.0104      21.337326
            1.2      4752.0752      17.522973      3999.3818      14.746424      5740.4275      21.341077
            1.3      4718.0416      17.472857      3972.3705      14.721175      5696.2974      21.305922
            1.4      4730.6254      17.453553      3984.8379      14.705953      5707.8823      21.244464
            1.5      4682.3659      17.359539      3942.8901      14.627752      5652.2482      21.097662
            1.6       4710.244      17.465685       3966.478      14.708806      5685.8024      21.258047
            1.7       4690.456      17.387151      3954.6685      14.681711      5652.9762      21.150966
            1.8      4623.0956      17.274561      3896.4608      14.563513      5574.3291      20.963122
            1.9       4623.279       17.28451      3898.8609      14.589054      5570.3883      21.001755
              2      4583.5529      17.201659      3866.4183      14.518249       5520.598      20.905674
            2.1       4591.708      17.212618      3874.1816      14.532039      5528.7947      20.875302
            2.2      4468.3954      16.970013      3770.4541      14.329244      5379.8138      20.544512
            2.3      4467.1182      16.977705      3772.6748      14.353333      5372.1323      20.578591
            2.4       4363.434      16.782989      3686.8256      14.188899      5244.2211      20.318014
            2.5      4286.1341      16.635991      3621.6893      14.066644      5150.8293      20.114131
            2.6      4200.3717      16.464658      3552.7372      13.933904      5041.3819      19.877952
            2.7        4038.91      16.139969      3418.1418      13.664815      4843.8159      19.503596
            2.8      3917.9568      15.915107      3315.8445      13.469621      4698.6191      19.199986
            2.9      3718.3224      15.493566      3149.2562      13.123337      4454.7326      18.689461
              3      3469.5772      15.025739       2939.364      12.720561      4155.1486      18.128649
            3.1      3252.5993      14.494125       2758.948      12.301626      3888.8928       17.45274
            3.2      2968.3073       13.85436      2519.1943      11.759782      3546.3628      16.643502
            3.3      2694.8635      13.209953      2287.1694      11.213227      3219.4276      15.869849
            3.4      2378.1219      12.429982      2023.7266       11.16362       2830.819      16.615184
            3.5      2079.6295      11.646937      1765.0831      9.8826624      2484.0945      13.991283
            3.6      1761.8205       10.71786      1497.3259       9.108619      2100.6808      12.847007
            3.7      1427.5319      9.6557709      1212.2215      8.2023952      1703.8634      11.566212
            3.8      1158.9355      8.7195141      984.39508      7.4068028      1382.7086      10.451123
            3.9      881.50728      7.6297761      748.36676      6.4782538      1052.3533      9.1489554
              4      637.07791      6.5104686      540.70184      5.5265107      760.78803      7.7976064
            4.1      438.68749      5.4257896      371.91368      4.5997183      524.61356      6.5202856
            4.2      281.61229      4.3613014      238.49285       3.692416      337.21257      5.2400906
            4.3      166.36339      3.3797504      140.77374      2.8659466      199.41214      4.0673781
            4.4      79.540343      2.2834714      67.117271      1.9274826      95.687129      2.7527276
            4.5       34.71953      1.5045043      29.240703      1.2675153      41.852513      1.8250192
            4.6      12.444323     0.85477174      10.406263     0.71509481      15.151851      1.0438496
            4.7      4.3014032     0.50513142      3.5538962     0.41761994      5.3185983     0.62729539
            4.8       1.757284     0.32759794       1.434323     0.26747793       2.207071     0.41356551
            4.9        1.15363     0.27221746     0.94561999     0.22321089      1.4385833     0.34000141
              5        1.15363     0.27221746     0.94561999     0.22321089      1.4385833     0.34000141
