#   y_bbZ-ptj20        central        num_err    min (scale)        num_err    max (scale)        num_err
             -5              0              0              0              0              0              0
           -4.9              0              0              0              0              0              0
           -4.8        0.22601     0.11363162     0.18517333    0.093461234     0.28029833     0.14047634
           -4.7        0.50905     0.17055836     0.42231001     0.14154273     0.62632667     0.21057195
           -4.6      2.3085517     0.37961397      1.9370833     0.31920972      2.7980633     0.45979077
           -4.5      5.9921067     0.63052934      5.0170383     0.52866281      7.2838267      0.7668799
           -4.4      13.609417     0.95485328      11.460667     0.80527141      16.424543      1.1532295
           -4.3      33.027162      1.4941789      27.684053      1.2540402       40.09978      1.8175944
           -4.2      59.035087      2.0055242      49.816402      1.6922619       71.04583      2.4234489
           -4.1      89.436988      2.4533169      75.641236      2.0771275      107.31679      2.9498671
             -4      149.91967       3.164651      127.07802        2.68446      179.38271      3.8105918
           -3.9       210.9771      3.7413598      178.31001         3.1653      253.44268        4.54267
           -3.8       290.0678      4.3695572      245.08529      3.6935789      348.59882      5.2824029
           -3.7      383.54087        5.04655      323.76084      4.2770872      461.57114      6.2158534
           -3.6       481.6163      5.6119553      405.96394      4.7326571      580.61844      6.7969272
           -3.5      602.49692      6.3046356      507.13667      5.3046876      727.73638      7.6609991
           -3.4       731.5265       6.929418       617.3214      6.0029287      880.70455      8.8345304
           -3.3      864.00371      7.5659673      725.97433      6.3482023      1045.9887      9.2373747
           -3.2      995.55713       8.083513       837.0313      6.8025815       1204.293      9.8854702
           -3.1      1139.2674      8.8139462      955.61506      7.3832686      1382.2987      10.885038
             -3      1275.1389      9.1568172      1067.8233      7.6684355      1550.3178      11.229611
           -2.9        1412.02      9.5949291       1181.387      8.0292243      1718.7213      11.778049
           -2.8      1531.2963      10.012795      1278.2511      8.3613138      1869.1559      12.312342
           -2.7      1663.0951       10.43057      1386.5913       8.700806      2033.1188      12.835688
           -2.6      1767.4713      10.788347      1471.9149      8.9848212      2163.6624      13.307979
           -2.5      1893.5778      11.253882      1574.2376      9.3461128      2322.8383      13.919903
           -2.4      2026.6561      11.791287      1683.8429      9.7689257      2487.7122      14.630943
           -2.3      2114.5564      11.750575      1755.0689      9.7590234      2598.8621      14.556747
           -2.2      2228.7429      12.103815      1847.2833      10.035336      2743.6729      15.011612
           -2.1      2286.2363      12.240298      1892.4446      10.144908      2818.7855        15.2046
             -2      2378.2595      12.551859      1966.3309      10.378753       2936.184      15.599372
           -1.9      2448.1227      12.800762       2022.347      10.567565       3025.465        15.9547
           -1.8      2531.2718      12.900606       2090.274      10.661821      3129.1613      16.064442
           -1.7      2589.7482      13.108934        2137.92      10.827758      3202.7231      16.395783
           -1.6      2635.6536      13.220787      2173.8125      10.904237      3262.7657      16.489112
           -1.5      2687.6429      13.234161      2216.6261      10.926631      3327.0696      16.518563
           -1.4      2729.9913      14.462856      2248.1826      11.805901      3385.5409      18.237032
           -1.3      2750.0922      13.454985      2266.4838      11.099487      3407.1079      16.794094
           -1.2      2803.0903      13.543635      2308.8092      11.168137      3475.1726      16.897058
           -1.1      2813.4032       14.51646      2316.5379      11.873554      3489.1708      18.281527
             -1      2869.6398      13.943048      2362.6962      11.463538      3558.9747      17.462518
           -0.9      2891.8142      13.816414      2381.1506      11.376344      3586.1192      17.256301
           -0.8      2908.9136      13.855396      2394.6508      11.477777      3608.2035      17.976852
           -0.7      2931.1551      13.829889      2410.4872      11.384085       3640.312      17.271104
           -0.6       2960.341      14.019908      2436.5959      11.566128      3672.6401      17.792911
           -0.5      2961.4432       14.12849      2435.0068      11.604434      3678.5652       17.69491
           -0.4      2921.3292       13.85002      2402.6547      11.398266      3627.5069      17.301758
           -0.3      2992.5551      13.988063      2462.4652      11.520695      3713.8686       17.49438
           -0.2      3002.3599      14.020968      2470.2643      11.543654      3726.4379      17.523461
           -0.1      2975.8251      14.083134      2448.0048      11.582322      3694.3288      17.617476
              0      2987.9534      14.006828      2460.4522      11.562472      3704.9068      17.553255
            0.1      2993.8194       14.12863      2462.0584      11.623581      3717.9529      17.681968
            0.2       2983.655       14.05072      2455.2498      11.563258      3702.4597      17.587476
            0.3      2973.7023       13.99871       2445.767      11.517326      3692.6445        17.4926
            0.4      2962.4295      13.908057      2437.3598      11.453252      3677.1465      17.398069
            0.5      2965.6986      13.948005       2439.786      11.486991      3681.5247      17.433474
            0.6       2961.738      14.145146      2438.6446      11.671924      3672.8445      17.624679
            0.7      2932.1983      13.920589       2413.567      11.461939      3637.7286      17.404112
            0.8      2904.3128      13.835559      2390.5553      11.392384      3603.2624      17.300864
            0.9      2849.1406      13.663642       2345.394      11.263359      3534.4193      17.082428
              1      2823.6404      13.612962      2324.1408      11.214241      3503.1324      17.012213
            1.1       2802.821      13.590349       2308.193      11.196261      3475.5321      17.015076
            1.2       2805.294      13.613791      2308.7828      11.205439      3481.3061      17.000576
            1.3      2739.1378      13.419915      2256.3275      11.060371      3395.7416      16.746013
            1.4      2690.0395      13.240696      2216.5668      10.920676      3333.7419      16.515566
            1.5      2631.6978      13.099137       2169.623      10.807656      3259.6098      16.322709
            1.6      2616.8059      13.129218      2158.6171      10.833036       3239.077      16.387425
            1.7      2528.1041      12.844296      2088.8923      10.623208      3123.2205      15.961457
            1.8      2461.6384      12.685113      2034.9987      10.494562      3039.3695      15.756454
            1.9      2399.4433      12.545222      1983.9735      10.378925      2962.0383      15.584308
              2      2297.5995      12.273302      1903.0894      10.177619      2830.5827      15.265414
            2.1      2237.0986      12.097779      1854.6938      10.037395      2753.0814      14.995389
            2.2      2117.0939      11.830224      1756.1309      9.8173801      2603.8228      14.642047
            2.3      2024.0021      11.494897      1681.7979      9.5605431      2484.1939      14.217542
            2.4      1919.4436      11.196549      1596.8748       9.320507      2352.4392      13.842343
            2.5      1793.7349      10.860512      1493.5967      9.0468867      2196.1131      13.393402
            2.6      1678.0267      10.469177      1400.6672      8.7450975      2048.3084      12.864172
            2.7      1534.8064      10.019157        1281.17      8.3660076      1873.4898      12.313366
            2.8      1420.4746       9.648664      1187.6178      8.0691274      1730.4964      11.833892
            2.9      1288.5063      9.1604172      1078.2269      7.6712022      1568.0964      11.206841
              3      1135.7117      8.6966504      951.64325       7.280404      1379.7804      10.652515
            3.1      998.28788      8.0782337      839.08976      6.7959658      1208.0038      9.8746791
            3.2      867.60946      7.5226677      729.60417      6.3287284       1049.284      9.1457807
            3.3      731.15535      6.9112602      615.11876      5.8173535      883.74813      8.3939007
            3.4      598.29757      6.2587994      504.51217      5.2800207      720.97984      7.5917238
            3.5      487.98552       5.695255      411.12117      4.7930242      588.72143      6.9144766
            3.6      384.28126      5.0212171      324.39545      4.2358737      462.36747      6.0869489
            3.7      281.60291      4.2984505      237.67618      3.6299611       338.8994      5.2037404
            3.8      211.16278      3.7294384       178.3832       3.153669      253.81377      4.5000048
            3.9      143.73137      3.0925824      121.43878      2.6145435      172.72183      3.7411423
              4        93.5665      2.5026836      79.150226       2.117172      112.24139      3.0131613
            4.1      54.974298      1.9265795      46.314943      1.6240442      66.308246      2.3313159
            4.2      31.867697      1.4699815      26.837033      1.2384707      38.447722      1.7770662
            4.3      15.106333     0.99711916      12.669005     0.83820077      18.327198      1.2128343
            4.4      5.6202833     0.60430402      4.7068017     0.50697759        6.82983     0.73404696
            4.5      1.5029066     0.30961299      1.2771933     0.26360866      1.7898083     0.36900654
            4.6      0.2961415     0.13059891     0.24823301     0.10934632      0.3593745     0.15884024
            4.7     0.24545001     0.12332374     0.20953333     0.10551347        0.28984     0.14548173
            4.8              0              0              0              0              0              0
            4.9              0              0              0              0              0              0
              5              0              0              0              0              0              0
