#  pt_bb-ptj200        central        num_err    min (scale)        num_err    max (scale)        num_err
              0      2.6722634    0.063963578      2.6722634    0.063963578      2.6722634    0.063963578
              5      7.1439408     0.23356293      7.1439408     0.23356293      7.1439408     0.23356293
             10       8.554128     0.14993308       8.554128     0.14993308       8.554128     0.14993308
             15      8.4730683     0.14332491      8.4730683     0.14332491      8.4730683     0.14332491
             20      8.3515896      0.2417119      8.3515896      0.2417119      8.3515896      0.2417119
             25      8.0036212     0.18628071      8.0036212     0.18628071      8.0036212     0.18628071
             30      7.5822924     0.19931518      7.5822924     0.19931518      7.5822924     0.19931518
             35      6.9003258     0.20955038      6.9003258     0.20955038      6.9003258     0.20955038
             40       6.659939     0.21986782       6.659939     0.21986782       6.659939     0.21986782
             45      5.7233348     0.18390778      5.7233348     0.18390778      5.7233348     0.18390778
             50      5.6243859     0.19587801      5.6243859     0.19587801      5.6243859     0.19587801
             55      5.4369965     0.22837871      5.4369965     0.22837871      5.4369965     0.22837871
             60      5.0650766     0.23669692      5.0650766     0.23669692      5.0650766     0.23669692
             65      4.8508259     0.23482623      4.8508259     0.23482623      4.8508259     0.23482623
             70      4.6340552      0.2140238      4.6340552      0.2140238      4.6340552      0.2140238
             75      4.4383797     0.32041776      4.4383797     0.32041776      4.4383797     0.32041776
             80      4.0249515     0.21031863      4.0249515     0.21031863      4.0249515     0.21031863
             85      4.1805917     0.24626463      4.1805917     0.24626463      4.1805917     0.24626463
             90      3.7349675      0.1756304      3.7349675      0.1756304      3.7349675      0.1756304
             95      3.7238256     0.23658788      3.7238256     0.23658788      3.7238256     0.23658788
            100      3.3529812     0.17424971      3.3529812     0.17424971      3.3529812     0.17424971
            105      3.3412648     0.30306131      3.3412648     0.30306131      3.3412648     0.30306131
            110      3.2308795     0.20757974      3.2308795     0.20757974      3.2308795     0.20757974
            115      3.2948888     0.22726898      3.2948888     0.22726898      3.2948888     0.22726898
            120      3.1976374     0.26950818      3.1976374     0.26950818      3.1976374     0.26950818
            125      3.4376517      0.3127976      3.4376517      0.3127976      3.4376517      0.3127976
            130      2.6131267     0.13825559      2.6131267     0.13825559      2.6131267     0.13825559
            135      2.7042246     0.17455145      2.7042246     0.17455145      2.7042246     0.17455145
            140      2.9237081     0.28075691      2.9237081     0.28075691      2.9237081     0.28075691
            145       2.690749     0.24765966       2.690749     0.24765966       2.690749     0.24765966
            150      2.1308733     0.17154957      2.1308733     0.17154957      2.1308733     0.17154957
            155      2.5490561     0.18086583      2.5490561     0.18086583      2.5490561     0.18086583
            160      2.1279222     0.13888561      2.1279222     0.13888561      2.1279222     0.13888561
            165      2.3879231     0.26389802      2.3879231     0.26389802      2.3879231     0.26389802
            170       2.524545     0.24536751       2.524545     0.24536751       2.524545     0.24536751
            175      2.0730143     0.17499405      2.0730143     0.17499405      2.0730143     0.17499405
            180      1.7738192     0.12793613      1.7738192     0.12793613      1.7738192     0.12793613
            185      1.5587375     0.10456929      1.5587375     0.10456929      1.5587375     0.10456929
            190      1.7628771     0.16445493      1.7628771     0.16445493      1.7628771     0.16445493
            195      1.7597414     0.14617707      1.7597414     0.14617707      1.7597414     0.14617707
            200      1.5650743     0.14067337      1.5650743     0.14067337      1.5650743     0.14067337
            205      1.4911181     0.12230229      1.4911181     0.12230229      1.4911181     0.12230229
            210      1.4571959     0.12046831      1.4571959     0.12046831      1.4571959     0.12046831
            215      1.3633196     0.20383232      1.3633196     0.20383232      1.3633196     0.20383232
            220      1.4451889     0.19070065      1.4451889     0.19070065      1.4451889     0.19070065
            225      1.4748123     0.15417123      1.4748123     0.15417123      1.4748123     0.15417123
            230      1.0846341    0.067514406      1.0846341    0.067514406      1.0846341    0.067514406
            235      1.2643393     0.15797984      1.2643393     0.15797984      1.2643393     0.15797984
            240      1.0808899    0.081950761      1.0808899    0.081950761      1.0808899    0.081950761
            245       1.089545     0.10540905       1.089545     0.10540905       1.089545     0.10540905
            250      1.0084133    0.081300844      1.0084133    0.081300844      1.0084133    0.081300844
            255     0.91624561    0.070374292     0.91624561    0.070374292     0.91624561    0.070374292
            260      1.2144019     0.18137203      1.2144019     0.18137203      1.2144019     0.18137203
            265      1.0367529     0.12552652      1.0367529     0.12552652      1.0367529     0.12552652
            270      1.0017366     0.17301529      1.0017366     0.17301529      1.0017366     0.17301529
            275     0.76820087     0.13220283     0.76820087     0.13220283     0.76820087     0.13220283
            280     0.78195457     0.14420584     0.78195457     0.14420584     0.78195457     0.14420584
            285     0.70813651    0.071890271     0.70813651    0.071890271     0.70813651    0.071890271
            290     0.63637163    0.043645281     0.63637163    0.043645281     0.63637163    0.043645281
            295     0.58490655    0.067159561     0.58490655    0.067159561     0.58490655    0.067159561
            300     0.60980118    0.049883313     0.60980118    0.049883313     0.60980118    0.049883313
            305     0.60153782    0.092336894     0.60153782    0.092336894     0.60153782    0.092336894
            310     0.60075234    0.092473678     0.60075234    0.092473678     0.60075234    0.092473678
            315     0.54993619    0.072035071     0.54993619    0.072035071     0.54993619    0.072035071
            320     0.40462928    0.029264815     0.40462928    0.029264815     0.40462928    0.029264815
            325     0.51615389    0.069802767     0.51615389    0.069802767     0.51615389    0.069802767
            330     0.46316355    0.073609149     0.46316355    0.073609149     0.46316355    0.073609149
            335     0.42307492    0.049783167     0.42307492    0.049783167     0.42307492    0.049783167
            340     0.33207067    0.033363345     0.33207067    0.033363345     0.33207067    0.033363345
            345     0.47297387    0.079667824     0.47297387    0.079667824     0.47297387    0.079667824
            350     0.46491107    0.079688489     0.46491107    0.079688489     0.46491107    0.079688489
            355     0.36447735     0.04713346     0.36447735     0.04713346     0.36447735     0.04713346
            360     0.40535986     0.11328537     0.40535986     0.11328537     0.40535986     0.11328537
            365     0.33223748    0.061351316     0.33223748    0.061351316     0.33223748    0.061351316
            370     0.46057266     0.14115992     0.46057266     0.14115992     0.46057266     0.14115992
            375      0.2654191    0.036798859      0.2654191    0.036798859      0.2654191    0.036798859
            380     0.25510475    0.045162645     0.25510475    0.045162645     0.25510475    0.045162645
            385     0.24870347    0.033996851     0.24870347    0.033996851     0.24870347    0.033996851
            390     0.26043866    0.038143259     0.26043866    0.038143259     0.26043866    0.038143259
            395     0.26391618    0.061669516     0.26391618    0.061669516     0.26391618    0.061669516
            400     0.30574304    0.050773156     0.30574304    0.050773156     0.30574304    0.050773156
            405     0.19440226    0.027928692     0.19440226    0.027928692     0.19440226    0.027928692
            410     0.25228785    0.081435073     0.25228785    0.081435073     0.25228785    0.081435073
            415       0.175343     0.01649305       0.175343     0.01649305       0.175343     0.01649305
            420     0.25727941    0.083758899     0.25727941    0.083758899     0.25727941    0.083758899
            425     0.20790939    0.038675157     0.20790939    0.038675157     0.20790939    0.038675157
            430     0.21859242    0.069818103     0.21859242    0.069818103     0.21859242    0.069818103
            435     0.12426884    0.015784185     0.12426884    0.015784185     0.12426884    0.015784185
            440     0.26330895    0.081052198     0.26330895    0.081052198     0.26330895    0.081052198
            445     0.14973554    0.027367387     0.14973554    0.027367387     0.14973554    0.027367387
            450     0.11458325    0.017356846     0.11458325    0.017356846     0.11458325    0.017356846
            455     0.16877051    0.038364156     0.16877051    0.038364156     0.16877051    0.038364156
            460     0.10546315    0.014101311     0.10546315    0.014101311     0.10546315    0.014101311
            465     0.15513462    0.047488254     0.15513462    0.047488254     0.15513462    0.047488254
            470    0.078069256   0.0099531383    0.078069256   0.0099531383    0.078069256   0.0099531383
            475     0.14412671     0.03790815     0.14412671     0.03790815     0.14412671     0.03790815
            480    0.099243425      0.0203763    0.099243425      0.0203763    0.099243425      0.0203763
            485     0.11782901    0.042423599     0.11782901    0.042423599     0.11782901    0.042423599
            490     0.24046793     0.14347975     0.24046793     0.14347975     0.24046793     0.14347975
            495    0.088519685    0.023676368    0.088519685    0.023676368    0.088519685    0.023676368
            500    0.073940236    0.029936453    0.073940236    0.029936453    0.073940236    0.029936453
            505    0.065505906   0.0078058251    0.065505906   0.0078058251    0.065505906   0.0078058251
            510    0.040553602   0.0080893405    0.040553602   0.0080893405    0.040553602   0.0080893405
            515    0.050496929    0.010332229    0.050496929    0.010332229    0.050496929    0.010332229
            520    0.053743335   0.0074217554    0.053743335   0.0074217554    0.053743335   0.0074217554
            525     0.15307244    0.082319366     0.15307244    0.082319366     0.15307244    0.082319366
            530    0.066578642    0.014677369    0.066578642    0.014677369    0.066578642    0.014677369
            535     0.08938691    0.025971844     0.08938691    0.025971844     0.08938691    0.025971844
            540    0.043308779   0.0094488161    0.043308779   0.0094488161    0.043308779   0.0094488161
            545     0.07387309     0.01596691     0.07387309     0.01596691     0.07387309     0.01596691
            550    0.034445453   0.0059373173    0.034445453   0.0059373173    0.034445453   0.0059373173
            555     0.04333248    0.015557709     0.04333248    0.015557709     0.04333248    0.015557709
            560    0.073397224    0.022678291    0.073397224    0.022678291    0.073397224    0.022678291
            565    0.057093523   0.0097720769    0.057093523   0.0097720769    0.057093523   0.0097720769
            570     0.03198061   0.0052313683     0.03198061   0.0052313683     0.03198061   0.0052313683
            575    0.053407834    0.018438057    0.053407834    0.018438057    0.053407834    0.018438057
            580    0.036296988   0.0091252137    0.036296988   0.0091252137    0.036296988   0.0091252137
            585    0.031589331   0.0068800283    0.031589331   0.0068800283    0.031589331   0.0068800283
            590    0.037912086    0.010985497    0.037912086    0.010985497    0.037912086    0.010985497
            595    0.032369921   0.0065061223    0.032369921   0.0065061223    0.032369921   0.0065061223
            600    0.021477165   0.0043590917    0.021477165   0.0043590917    0.021477165   0.0043590917
            605    0.022855905   0.0046954743    0.022855905   0.0046954743    0.022855905   0.0046954743
            610    0.030947184    0.010061443    0.030947184    0.010061443    0.030947184    0.010061443
            615    0.027650248   0.0071810362    0.027650248   0.0071810362    0.027650248   0.0071810362
            620     0.01973689   0.0043732252     0.01973689   0.0043732252     0.01973689   0.0043732252
            625    0.025406437    0.010282688    0.025406437    0.010282688    0.025406437    0.010282688
            630    0.021172028   0.0055441594    0.021172028   0.0055441594    0.021172028   0.0055441594
            635    0.015266299   0.0042704602    0.015266299   0.0042704602    0.015266299   0.0042704602
            640    0.017907776   0.0038803215    0.017907776   0.0038803215    0.017907776   0.0038803215
            645    0.014693425   0.0038510306    0.014693425   0.0038510306    0.014693425   0.0038510306
            650    0.035308859    0.011996927    0.035308859    0.011996927    0.035308859    0.011996927
            655    0.014751319   0.0035930779    0.014751319   0.0035930779    0.014751319   0.0035930779
            660   0.0041036418   0.0025019939   0.0041036418   0.0025019939   0.0041036418   0.0025019939
            665    0.016407716   0.0043502739    0.016407716   0.0043502739    0.016407716   0.0043502739
            670     0.04072309    0.022474563     0.04072309    0.022474563     0.04072309    0.022474563
            675    0.011889449   0.0036339014    0.011889449   0.0036339014    0.011889449   0.0036339014
            680    0.014616122   0.0033308745    0.014616122   0.0033308745    0.014616122   0.0033308745
            685    0.017316516   0.0049829423    0.017316516   0.0049829423    0.017316516   0.0049829423
            690   0.0078809842   0.0026846368   0.0078809842   0.0026846368   0.0078809842   0.0026846368
            695   0.0066901377   0.0021267879   0.0066901377   0.0021267879   0.0066901377   0.0021267879
            700     0.02526061    0.014269025     0.02526061    0.014269025     0.02526061    0.014269025
            705   0.0069387599   0.0034286226   0.0069387599   0.0034286226   0.0069387599   0.0034286226
            710    0.017396496   0.0057082746    0.017396496   0.0057082746    0.017396496   0.0057082746
            715    0.013242185   0.0033555644    0.013242185   0.0033555644    0.013242185   0.0033555644
            720    0.010836791     0.00315309    0.010836791     0.00315309    0.010836791     0.00315309
            725    0.027546085    0.014687219    0.027546085    0.014687219    0.027546085    0.014687219
            730    0.008819252   0.0029869098    0.008819252   0.0029869098    0.008819252   0.0029869098
            735   0.0038905906   0.0019777264   0.0038905906   0.0019777264   0.0038905906   0.0019777264
            740   0.0070407086    0.002270812   0.0070407086    0.002270812   0.0070407086    0.002270812
            745   0.0063585629   0.0022888772   0.0063585629   0.0022888772   0.0063585629   0.0022888772
            750    0.019752579    0.011145164    0.019752579    0.011145164    0.019752579    0.011145164
            755   0.0020641732   0.0012081502   0.0020641732   0.0012081502   0.0020641732   0.0012081502
            760   0.0032206102   0.0017940266   0.0032206102   0.0017940266   0.0032206102   0.0017940266
            765    0.012397992   0.0050797526    0.012397992   0.0050797526    0.012397992   0.0050797526
            770    0.014926181   0.0092953268    0.014926181   0.0092953268    0.014926181   0.0092953268
            775   0.0056990296   0.0021929174   0.0056990296   0.0021929174   0.0056990296   0.0021929174
            780    0.018519409   0.0095009233    0.018519409   0.0095009233    0.018519409   0.0095009233
            785   0.0057457283   0.0023056132   0.0057457283   0.0023056132   0.0057457283   0.0023056132
            790   0.0076148818   0.0025789741   0.0076148818   0.0025789741   0.0076148818   0.0025789741
            795   0.0049620275   0.0019008123   0.0049620275   0.0019008123   0.0049620275   0.0019008123
            800   0.0029188583   0.0017998019   0.0029188583   0.0017998019   0.0029188583   0.0017998019
            805    0.003809311   0.0020195171    0.003809311   0.0020195171    0.003809311   0.0020195171
            810   0.0064522244   0.0025934056   0.0064522244   0.0025934056   0.0064522244   0.0025934056
            815     0.01869061   0.0096225762     0.01869061   0.0096225762     0.01869061   0.0096225762
            820   0.0052734842   0.0020017714   0.0052734842   0.0020017714   0.0052734842   0.0020017714
            825   0.0052519665   0.0019749345   0.0052519665   0.0019749345   0.0052519665   0.0019749345
            830   0.0058789765   0.0026080965   0.0058789765   0.0026080965   0.0058789765   0.0026080965
            835   0.0037103543   0.0018613899   0.0037103543   0.0018613899   0.0037103543   0.0018613899
            840   0.0013462598   0.0014408795   0.0013462598   0.0014408795   0.0013462598   0.0014408795
            845   0.0027380315   0.0029309943   0.0027380315   0.0029309943   0.0027380315   0.0029309943
            850   0.0022172441    0.001690503   0.0022172441    0.001690503   0.0022172441    0.001690503
            855   0.0023205315   0.0011613928   0.0023205315   0.0011613928   0.0023205315   0.0011613928
            860   0.0013840157   0.0014608222   0.0013840157   0.0014608222   0.0013840157   0.0014608222
            865   0.0050496456    0.002205038   0.0050496456    0.002205038   0.0050496456    0.002205038
            870    0.013026594    0.010883301    0.013026594    0.010883301    0.013026594    0.010883301
            875   0.0024771457   0.0013776326   0.0024771457   0.0013776326   0.0024771457   0.0013776326
            880   0.0028529725   0.0016150882   0.0028529725   0.0016150882   0.0028529725   0.0016150882
            885  0.00057952757   0.0012281126  0.00057952757   0.0012281126  0.00057952757   0.0012281126
            890   0.0047579921   0.0032974698   0.0047579921   0.0032974698   0.0047579921   0.0032974698
            895   0.0036214173   0.0018859255   0.0036214173   0.0018859255   0.0036214173   0.0018859255
            900   0.0033938189   0.0017510424   0.0033938189   0.0017510424   0.0033938189   0.0017510424
            905   0.0018886222   0.0014233052   0.0018886222   0.0014233052   0.0018886222   0.0014233052
            910   0.0001570866  0.00096419444   0.0001570866  0.00096419444   0.0001570866  0.00096419444
            915   0.0021799016   0.0012741596   0.0021799016   0.0012741596   0.0021799016   0.0012741596
            920   0.0070652167   0.0053979797   0.0070652167   0.0053979797   0.0070652167   0.0053979797
            925   0.0027976378   0.0014098143   0.0027976378   0.0014098143   0.0027976378   0.0014098143
            930   0.0042076969   0.0017284664   0.0042076969   0.0017284664   0.0042076969   0.0017284664
            935  6.2205118e-06   0.0010872008  6.2205118e-06   0.0010872008  6.2205118e-06   0.0010872008
            940    0.002409252   0.0012141359    0.002409252   0.0012141359    0.002409252   0.0012141359
            945    0.032030492    0.030816521    0.032030492    0.030816521    0.032030492    0.030816521
            950   0.0021780511   0.0013996562   0.0021780511   0.0013996562   0.0021780511   0.0013996562
            955  0.00079271655  0.00079267691  0.00079271655  0.00079267691  0.00079271655  0.00079267691
            960   0.0028852756   0.0014792968   0.0028852756   0.0014792968   0.0028852756   0.0014792968
            965              0              0              0              0              0              0
            970   0.0021061811    0.001224822   0.0021061811    0.001224822   0.0021061811    0.001224822
            975  0.00061433071  0.00061429999  0.00061433071  0.00061429999  0.00061433071  0.00061429999
            980   0.0071887403   0.0052305222   0.0071887403   0.0052305222   0.0071887403   0.0052305222
            985   0.0014127362   0.0010024217   0.0014127362   0.0010024217   0.0014127362   0.0010024217
            990  0.00064627956  0.00064624723  0.00064627956  0.00064624723  0.00064627956  0.00064624723
            995   0.0012956496   0.0014220842   0.0012956496   0.0014220842   0.0012956496   0.0014220842
           1000   0.0012956496   0.0014220842   0.0012956496   0.0014220842   0.0012956496   0.0014220842
