#pt_bbZ-mbbZ250        central        num_err    min (scale)        num_err    max (scale)        num_err
              0      1127.5396      2.2948342      1127.5396      2.2948342      1127.5396      2.2948342
              5      1544.3458      2.7878595      1544.3458      2.7878595      1544.3458      2.7878595
             10      1220.2666      2.3914255      1220.2666      2.3914255      1220.2666      2.3914255
             15      961.82868      2.0005392      961.82868      2.0005392      961.82868      2.0005392
             20      774.12657      1.7537789      774.12657      1.7537789      774.12657      1.7537789
             25      635.37985       1.618072      635.37985       1.618072      635.37985       1.618072
             30       530.9602      1.4490865       530.9602      1.4490865       530.9602      1.4490865
             35      445.33345       1.283139      445.33345       1.283139      445.33345       1.283139
             40      378.91707      1.2189843      378.91707      1.2189843      378.91707      1.2189843
             45      324.45058      1.1383839      324.45058      1.1383839      324.45058      1.1383839
             50      279.84054      1.0567815      279.84054      1.0567815      279.84054      1.0567815
             55      241.45208     0.99887989      241.45208     0.99887989      241.45208     0.99887989
             60      207.64714      0.9383028      207.64714      0.9383028      207.64714      0.9383028
             65      182.40905     0.93331862      182.40905     0.93331862      182.40905     0.93331862
             70      157.08297     0.86682132      157.08297     0.86682132      157.08297     0.86682132
             75      137.85034     0.83191879      137.85034     0.83191879      137.85034     0.83191879
             80      121.37026     0.80237292      121.37026     0.80237292      121.37026     0.80237292
             85      105.03383     0.75568175      105.03383     0.75568175      105.03383     0.75568175
             90      93.351334     0.78431957      93.351334     0.78431957      93.351334     0.78431957
             95      80.242193     0.74693304      80.242193     0.74693304      80.242193     0.74693304
            100       68.38302     0.67479444       68.38302     0.67479444       68.38302     0.67479444
            105       59.59902     0.63922651       59.59902     0.63922651       59.59902     0.63922651
            110      52.584078     0.64761832      52.584078     0.64761832      52.584078     0.64761832
            115      44.801465     0.54761141      44.801465     0.54761141      44.801465     0.54761141
            120      38.445226     0.48749685      38.445226     0.48749685      38.445226     0.48749685
            125       34.39536     0.50146518       34.39536     0.50146518       34.39536     0.50146518
            130      30.216043     0.48225494      30.216043     0.48225494      30.216043     0.48225494
            135      25.860623       0.463412      25.860623       0.463412      25.860623       0.463412
            140      22.773937     0.44910936      22.773937     0.44910936      22.773937     0.44910936
            145      18.779065     0.30419448      18.779065     0.30419448      18.779065     0.30419448
            150      17.191561     0.41941551      17.191561     0.41941551      17.191561     0.41941551
            155      14.752531      0.3451759      14.752531      0.3451759      14.752531      0.3451759
            160      12.996517     0.35228904      12.996517     0.35228904      12.996517     0.35228904
            165      10.860383     0.23128672      10.860383     0.23128672      10.860383     0.23128672
            170      9.1325489      0.2251959      9.1325489      0.2251959      9.1325489      0.2251959
            175      8.8814032     0.29214953      8.8814032     0.29214953      8.8814032     0.29214953
            180      7.4396923     0.28448431      7.4396923     0.28448431      7.4396923     0.28448431
            185      6.4903374     0.20495791      6.4903374     0.20495791      6.4903374     0.20495791
            190      5.7978443     0.24479751      5.7978443     0.24479751      5.7978443     0.24479751
            195      5.0532405     0.26854896      5.0532405     0.26854896      5.0532405     0.26854896
            200      4.5035872     0.20584314      4.5035872     0.20584314      4.5035872     0.20584314
            205      3.6674264     0.10830202      3.6674264     0.10830202      3.6674264     0.10830202
            210      3.3449819       0.117486      3.3449819       0.117486      3.3449819       0.117486
            215       3.031032     0.11426311       3.031032     0.11426311       3.031032     0.11426311
            220      2.6850232       0.120929      2.6850232       0.120929      2.6850232       0.120929
            225      2.2893989    0.075092986      2.2893989    0.075092986      2.2893989    0.075092986
            230      2.1705237     0.19131265      2.1705237     0.19131265      2.1705237     0.19131265
            235      1.8166179    0.086355639      1.8166179    0.086355639      1.8166179    0.086355639
            240      1.6128866    0.053657758      1.6128866    0.053657758      1.6128866    0.053657758
            245      1.3645206    0.066923367      1.3645206    0.066923367      1.3645206    0.066923367
            250      1.2712444    0.051280389      1.2712444    0.051280389      1.2712444    0.051280389
            255      1.3355281     0.12542879      1.3355281     0.12542879      1.3355281     0.12542879
            260      1.1397974    0.062113899      1.1397974    0.062113899      1.1397974    0.062113899
            265     0.90872039    0.054333267     0.90872039    0.054333267     0.90872039    0.054333267
            270     0.85232055    0.047332911     0.85232055    0.047332911     0.85232055    0.047332911
            275     0.79742776    0.033905667     0.79742776    0.033905667     0.79742776    0.033905667
            280     0.85439523     0.10953831     0.85439523     0.10953831     0.85439523     0.10953831
            285     0.66337754    0.029594048     0.66337754    0.029594048     0.66337754    0.029594048
            290     0.62206551    0.035643467     0.62206551    0.035643467     0.62206551    0.035643467
            295     0.53213626    0.032879161     0.53213626    0.032879161     0.53213626    0.032879161
            300     0.54723622    0.061930566     0.54723622    0.061930566     0.54723622    0.061930566
            305     0.45902641    0.028960407     0.45902641    0.028960407     0.45902641    0.028960407
            310     0.41399964    0.036269025     0.41399964    0.036269025     0.41399964    0.036269025
            315     0.42583793    0.055246057     0.42583793    0.055246057     0.42583793    0.055246057
            320     0.42791407    0.044133427     0.42791407    0.044133427     0.42791407    0.044133427
            325     0.40740163     0.07286976     0.40740163     0.07286976     0.40740163     0.07286976
            330     0.30310634    0.024412366     0.30310634    0.024412366     0.30310634    0.024412366
            335     0.30405348    0.024680897     0.30405348    0.024680897     0.30405348    0.024680897
            340     0.21562039     0.01476335     0.21562039     0.01476335     0.21562039     0.01476335
            345       0.240411    0.021418927       0.240411    0.021418927       0.240411    0.021418927
            350     0.21514281    0.029094121     0.21514281    0.029094121     0.21514281    0.029094121
            355     0.19575407    0.017564336     0.19575407    0.017564336     0.19575407    0.017564336
            360     0.17282807    0.015900531     0.17282807    0.015900531     0.17282807    0.015900531
            365     0.13251079    0.011925809     0.13251079    0.011925809     0.13251079    0.011925809
            370     0.21688628    0.055961832     0.21688628    0.055961832     0.21688628    0.055961832
            375     0.14459787    0.011277573     0.14459787    0.011277573     0.14459787    0.011277573
            380     0.13746301    0.011304457     0.13746301    0.011304457     0.13746301    0.011304457
            385     0.12452041    0.011282943     0.12452041    0.011282943     0.12452041    0.011282943
            390     0.22063246     0.11296173     0.22063246     0.11296173     0.22063246     0.11296173
            395    0.091944015    0.011239852    0.091944015    0.011239852    0.091944015    0.011239852
            400    0.086236909   0.0093377625    0.086236909   0.0093377625    0.086236909   0.0093377625
            405    0.082883607   0.0085663164    0.082883607   0.0085663164    0.082883607   0.0085663164
            410    0.092114257    0.019153615    0.092114257    0.019153615    0.092114257    0.019153615
            415    0.074421515   0.0079152281    0.074421515   0.0079152281    0.074421515   0.0079152281
            420    0.069619586   0.0094106691    0.069619586   0.0094106691    0.069619586   0.0094106691
            425    0.062239783   0.0090511256    0.062239783   0.0090511256    0.062239783   0.0090511256
            430    0.071780216   0.0096983072    0.071780216   0.0096983072    0.071780216   0.0096983072
            435    0.064031968    0.008159739    0.064031968    0.008159739    0.064031968    0.008159739
            440    0.054514822   0.0071363013    0.054514822   0.0071363013    0.054514822   0.0071363013
            445    0.053071612   0.0087748719    0.053071612   0.0087748719    0.053071612   0.0087748719
            450    0.033999252   0.0059459758    0.033999252   0.0059459758    0.033999252   0.0059459758
            455    0.069422637    0.029042185    0.069422637    0.029042185    0.069422637    0.029042185
            460    0.046640531    0.011019883    0.046640531    0.011019883    0.046640531    0.011019883
            465    0.066541574    0.030226475    0.066541574    0.030226475    0.066541574    0.030226475
            470    0.032043563   0.0077252596    0.032043563   0.0077252596    0.032043563   0.0077252596
            475    0.051039566    0.027009116    0.051039566    0.027009116    0.051039566    0.027009116
            480     0.03040935   0.0053104749     0.03040935   0.0053104749     0.03040935   0.0053104749
            485    0.025946043   0.0045815073    0.025946043   0.0045815073    0.025946043   0.0045815073
            490    0.027711535   0.0048671008    0.027711535   0.0048671008    0.027711535   0.0048671008
            495    0.023971279   0.0051730986    0.023971279   0.0051730986    0.023971279   0.0051730986
            500    0.022280512   0.0047941618    0.022280512   0.0047941618    0.022280512   0.0047941618
            505    0.032387519    0.007353254    0.032387519    0.007353254    0.032387519    0.007353254
            510    0.026521555   0.0060779896    0.026521555   0.0060779896    0.026521555   0.0060779896
            515    0.032599074   0.0074802771    0.032599074   0.0074802771    0.032599074   0.0074802771
            520     0.01944874   0.0044619324     0.01944874   0.0044619324     0.01944874   0.0044619324
            525    0.025537854    0.005388367    0.025537854    0.005388367    0.025537854    0.005388367
            530    0.026532441    0.012231961    0.026532441    0.012231961    0.026532441    0.012231961
            535    0.013019488   0.0033380318    0.013019488   0.0033380318    0.013019488   0.0033380318
            540    0.022282895    0.012071997    0.022282895    0.012071997    0.022282895    0.012071997
            545     0.01531376   0.0037508954     0.01531376   0.0037508954     0.01531376   0.0037508954
            550     0.00909687   0.0026273664     0.00909687   0.0026273664     0.00909687   0.0026273664
            555    0.023386988    0.014449772    0.023386988    0.014449772    0.023386988    0.014449772
            560    0.021425275   0.0040544687    0.021425275   0.0040544687    0.021425275   0.0040544687
            565   0.0063662598   0.0025082719   0.0063662598   0.0025082719   0.0063662598   0.0025082719
            570   0.0099935432     0.00277181   0.0099935432     0.00277181   0.0099935432     0.00277181
            575    0.013905807   0.0045398096    0.013905807   0.0045398096    0.013905807   0.0045398096
            580   0.0047087795    0.002562572   0.0047087795    0.002562572   0.0047087795    0.002562572
            585   0.0097170472   0.0028496993   0.0097170472   0.0028496993   0.0097170472   0.0028496993
            590    0.013111634   0.0031812116    0.013111634   0.0031812116    0.013111634   0.0031812116
            595   0.0030260235   0.0024272967   0.0030260235   0.0024272967   0.0030260235   0.0024272967
            600   0.0099519487   0.0029648346   0.0099519487   0.0029648346   0.0099519487   0.0029648346
            605   0.0061323621   0.0021680184   0.0061323621   0.0021680184   0.0061323621   0.0021680184
            610   0.0024656299   0.0020935731   0.0024656299   0.0020935731   0.0024656299   0.0020935731
            615   0.0096466536   0.0071512951   0.0096466536   0.0071512951   0.0096466536   0.0071512951
            620   0.0053609251   0.0020261382   0.0053609251   0.0020261382   0.0053609251   0.0020261382
            625   0.0046099803    0.001881978   0.0046099803    0.001881978   0.0046099803    0.001881978
            630    0.022003858    0.016024557    0.022003858    0.016024557    0.022003858    0.016024557
            635   0.0061255117      0.0024212   0.0061255117      0.0024212   0.0061255117      0.0024212
            640   0.0029348425   0.0018269858   0.0029348425   0.0018269858   0.0029348425   0.0018269858
            645   0.0035124606   0.0025038546   0.0035124606   0.0025038546   0.0035124606   0.0025038546
            650   0.0043868897    0.001982364   0.0043868897    0.001982364   0.0043868897    0.001982364
            655   0.0030627559   0.0015313014   0.0030627559   0.0015313014   0.0030627559   0.0015313014
            660   0.0093991731   0.0029269714   0.0093991731   0.0029269714   0.0093991731   0.0029269714
            665   0.0015313779   0.0015313014   0.0015313779   0.0015313014   0.0015313779   0.0015313014
            670   0.0047241731   0.0019321889   0.0047241731   0.0019321889   0.0047241731   0.0019321889
            675   0.0022970866   0.0017120558   0.0022970866   0.0017120558   0.0022970866   0.0017120558
            680              0   0.0010827936              0   0.0010827936              0   0.0010827936
            685   0.0030912007   0.0015457194   0.0030912007   0.0015457194   0.0030912007   0.0015457194
            690   0.0006442323   0.0006442001   0.0006442323   0.0006442001   0.0006442323   0.0006442001
            695   0.0030627755   0.0015313112   0.0030627755   0.0015313112   0.0030627755   0.0015313112
            700   0.0039286417   0.0017591393   0.0039286417   0.0017591393   0.0039286417   0.0017591393
            705   0.0015313779   0.0010827936   0.0015313779   0.0010827936   0.0015313779   0.0010827936
            710   0.0011998819   0.0011998219   0.0011998819   0.0011998219   0.0011998819   0.0011998219
            715   0.0045941338   0.0018754535   0.0045941338   0.0018754535   0.0045941338   0.0018754535
            720  0.00076568897   0.0013261459  0.00076568897   0.0013261459  0.00076568897   0.0013261459
            725   0.0022970669   0.0013261459   0.0022970669   0.0013261459   0.0022970669   0.0013261459
            730  0.00076568897  0.00076565068  0.00076568897  0.00076565068  0.00076568897  0.00076565068
            735   0.0022970866   0.0013261572   0.0022970866   0.0013261572   0.0022970866   0.0013261572
            740   0.0015366339   0.0010865163   0.0015366339   0.0010865163   0.0015366339   0.0010865163
            745   0.0023539961   0.0013598069   0.0023539961   0.0013598069   0.0023539961   0.0013598069
            750   0.0022970669   0.0013261459   0.0022970669   0.0013261459   0.0022970669   0.0013261459
            755  0.00076568897  0.00076565068  0.00076568897  0.00076565068  0.00076568897  0.00076565068
            760   0.0015313779   0.0010827936   0.0015313779   0.0010827936   0.0015313779   0.0010827936
            765   0.0038400393   0.0017172632   0.0038400393   0.0017172632   0.0038400393   0.0017172632
            770   0.0022970669   0.0013261459   0.0022970669   0.0013261459   0.0022970669   0.0013261459
            775              0              0              0              0              0              0
            780              0              0              0              0              0              0
            785   0.0015313779   0.0010827936   0.0015313779   0.0010827936   0.0015313779   0.0010827936
            790  -0.0015314173   0.0010828214  -0.0015314173   0.0010828214  -0.0015314173   0.0010828214
            795   0.0015876181   0.0011232635   0.0015876181   0.0011232635   0.0015876181   0.0011232635
            800              0              0              0              0              0              0
            805    0.040494034    0.039733737    0.040494034    0.039733737    0.040494034    0.039733737
            810   0.0015313779   0.0010827936   0.0015313779   0.0010827936   0.0015313779   0.0010827936
            815              0              0              0              0              0              0
            820 -0.00076568897  0.00076565068 -0.00076568897  0.00076565068 -0.00076568897  0.00076565068
            825  0.00076568897  0.00076565068  0.00076568897  0.00076565068  0.00076568897  0.00076565068
            830  0.00076568897  0.00076565068  0.00076568897  0.00076565068  0.00076568897  0.00076565068
            835   0.0030627952    0.001531321   0.0030627952    0.001531321   0.0030627952    0.001531321
            840              0              0              0              0              0              0
            845  0.00076568897  0.00076565068  0.00076568897  0.00076565068  0.00076568897  0.00076565068
            850              0              0              0              0              0              0
            855   0.0022970866   0.0013261572   0.0022970866   0.0013261572   0.0022970866   0.0013261572
            860              0              0              0              0              0              0
            865   0.0015313976   0.0010828075   0.0015313976   0.0010828075   0.0015313976   0.0010828075
            870  0.00037322833  0.00037320967  0.00037322833  0.00037320967  0.00037322833  0.00037320967
            875   0.0015313976   0.0010828075   0.0015313976   0.0010828075   0.0015313976   0.0010828075
            880  0.00076570864  0.00076567035  0.00076570864  0.00076567035  0.00076570864  0.00076567035
            885 -0.00076568897  0.00076565068 -0.00076568897  0.00076565068 -0.00076568897  0.00076565068
            890  0.00076568897  0.00076565068  0.00076568897  0.00076565068  0.00076568897  0.00076565068
            895              0              0              0              0              0              0
            900  0.00076568897  0.00076565068  0.00076568897  0.00076565068  0.00076568897  0.00076565068
            905              0              0              0              0              0              0
            910 -0.00076568897  0.00076565068 -0.00076568897  0.00076565068 -0.00076568897  0.00076565068
            915  0.00076568897  0.00076565068  0.00076568897  0.00076565068  0.00076568897  0.00076565068
            920   0.0015313976   0.0010828075   0.0015313976   0.0010828075   0.0015313976   0.0010828075
            925              0              0              0              0              0              0
            930              0              0              0              0              0              0
            935   0.0015313779   0.0010827936   0.0015313779   0.0010827936   0.0015313779   0.0010827936
            940              0              0              0              0              0              0
            945              0              0              0              0              0              0
            950              0              0              0              0              0              0
            955 -0.00076570864  0.00076567035 -0.00076570864  0.00076567035 -0.00076570864  0.00076567035
            960              0              0              0              0              0              0
            965   0.0015313779   0.0010827936   0.0015313779   0.0010827936   0.0015313779   0.0010827936
            970              0              0              0              0              0              0
            975  0.00076570864  0.00076567035  0.00076570864  0.00076567035  0.00076570864  0.00076567035
            980              0              0              0              0              0              0
            985              0              0              0              0              0              0
            990              0              0              0              0              0              0
            995              0              0              0              0              0              0
           1000              0              0              0              0              0              0
