#    pt_Z-ptj20        central        num_err    min (scale)        num_err    max (scale)        num_err
              0      67.030324     0.58818203      67.030324     0.58818203      67.030324     0.58818203
              5       200.0284     0.99598778       200.0284     0.99598778       200.0284     0.99598778
             10      323.99592      1.2875322      323.99592      1.2875322      323.99592      1.2875322
             15      425.73509      1.4491096      425.73509      1.4491096      425.73509      1.4491096
             20      497.15188      1.6173251      497.15188      1.6173251      497.15188      1.6173251
             25      521.75206      1.5348421      521.75206      1.5348421      521.75206      1.5348421
             30      514.68669      1.5569252      514.68669      1.5569252      514.68669      1.5569252
             35      482.57749      1.4858439      482.57749      1.4858439      482.57749      1.4858439
             40       437.5693        1.39683       437.5693        1.39683       437.5693        1.39683
             45      391.68175      1.3044391      391.68175      1.3044391      391.68175      1.3044391
             50      344.67604      1.2756898      344.67604      1.2756898      344.67604      1.2756898
             55      300.80781       1.191824      300.80781       1.191824      300.80781       1.191824
             60      260.91058      1.0898197      260.91058      1.0898197      260.91058      1.0898197
             65      224.87624      1.0087052      224.87624      1.0087052      224.87624      1.0087052
             70      193.68304     0.96965637      193.68304     0.96965637      193.68304     0.96965637
             75      168.09763      0.9231534      168.09763      0.9231534      168.09763      0.9231534
             80      147.07759     0.92642132      147.07759     0.92642132      147.07759     0.92642132
             85      124.49576     0.74217565      124.49576     0.74217565      124.49576     0.74217565
             90      108.14756     0.74308192      108.14756     0.74308192      108.14756     0.74308192
             95      93.772124     0.63267339      93.772124     0.63267339      93.772124     0.63267339
            100      82.135534     0.65549733      82.135534     0.65549733      82.135534     0.65549733
            105      70.150662     0.58256726      70.150662     0.58256726      70.150662     0.58256726
            110      62.203702     0.61704115      62.203702     0.61704115      62.203702     0.61704115
            115       53.85547     0.55085106       53.85547     0.55085106       53.85547     0.55085106
            120      46.797334     0.50287677      46.797334     0.50287677      46.797334     0.50287677
            125      41.049553     0.40247204      41.049553     0.40247204      41.049553     0.40247204
            130      36.735838     0.48197339      36.735838     0.48197339      36.735838     0.48197339
            135      31.736604     0.36145493      31.736604     0.36145493      31.736604     0.36145493
            140      28.409046     0.40004415      28.409046     0.40004415      28.409046     0.40004415
            145      25.528541     0.36301843      25.528541     0.36301843      25.528541     0.36301843
            150      22.067463     0.31927951      22.067463     0.31927951      22.067463     0.31927951
            155      20.361564     0.30521073      20.361564     0.30521073      20.361564     0.30521073
            160      17.553551     0.27301438      17.553551     0.27301438      17.553551     0.27301438
            165      15.969416     0.27362674      15.969416     0.27362674      15.969416     0.27362674
            170      13.677415     0.21154867      13.677415     0.21154867      13.677415     0.21154867
            175      12.916457     0.27200923      12.916457     0.27200923      12.916457     0.27200923
            180      12.242936     0.37301763      12.242936     0.37301763      12.242936     0.37301763
            185       10.40802     0.24529974       10.40802     0.24529974       10.40802     0.24529974
            190      9.0950286     0.17940507      9.0950286     0.17940507      9.0950286     0.17940507
            195      8.5803291     0.27782709      8.5803291     0.27782709      8.5803291     0.27782709
            200      7.6594516     0.18593464      7.6594516     0.18593464      7.6594516     0.18593464
            205      7.0167228     0.15735163      7.0167228     0.15735163      7.0167228     0.15735163
            210      6.6190073     0.29578133      6.6190073     0.29578133      6.6190073     0.29578133
            215      5.9762478     0.14767436      5.9762478     0.14767436      5.9762478     0.14767436
            220      5.0454465     0.12877509      5.0454465     0.12877509      5.0454465     0.12877509
            225      4.9402491     0.19113644      4.9402491     0.19113644      4.9402491     0.19113644
            230      4.3327639     0.12312465      4.3327639     0.12312465      4.3327639     0.12312465
            235      4.2280725     0.14328519      4.2280725     0.14328519      4.2280725     0.14328519
            240      3.6361167     0.11243435      3.6361167     0.11243435      3.6361167     0.11243435
            245       3.434764     0.19129686       3.434764     0.19129686       3.434764     0.19129686
            250       3.160265     0.11114623       3.160265     0.11114623       3.160265     0.11114623
            255      3.0019977     0.10577547      3.0019977     0.10577547      3.0019977     0.10577547
            260      2.7101933    0.093711432      2.7101933    0.093711432      2.7101933    0.093711432
            265      2.3738856    0.079918103      2.3738856    0.079918103      2.3738856    0.079918103
            270      2.3510261    0.090282807      2.3510261    0.090282807      2.3510261    0.090282807
            275      2.1416472     0.13085899      2.1416472     0.13085899      2.1416472     0.13085899
            280      1.8892449    0.079289917      1.8892449    0.079289917      1.8892449    0.079289917
            285      1.9044704    0.096525326      1.9044704    0.096525326      1.9044704    0.096525326
            290      1.8245281     0.13282014      1.8245281     0.13282014      1.8245281     0.13282014
            295          1.646    0.089348998          1.646    0.089348998          1.646    0.089348998
            300        1.61845     0.13721807        1.61845     0.13721807        1.61845     0.13721807
            305      1.3667184    0.059708598      1.3667184    0.059708598      1.3667184    0.059708598
            310      1.2091781    0.081319505      1.2091781    0.081319505      1.2091781    0.081319505
            315      1.1489369    0.064251182      1.1489369    0.064251182      1.1489369    0.064251182
            320      1.1315304    0.083048966      1.1315304    0.083048966      1.1315304    0.083048966
            325       1.087419    0.073392037       1.087419    0.073392037       1.087419    0.073392037
            330     0.86213982    0.043959095     0.86213982    0.043959095     0.86213982    0.043959095
            335     0.87262459    0.047845196     0.87262459    0.047845196     0.87262459    0.047845196
            340      1.0208671     0.13550551      1.0208671     0.13550551      1.0208671     0.13550551
            345     0.64772951    0.091135643     0.64772951    0.091135643     0.64772951    0.091135643
            350     0.64715683    0.043624145     0.64715683    0.043624145     0.64715683    0.043624145
            355     0.61732687    0.050857812     0.61732687    0.050857812     0.61732687    0.050857812
            360     0.71064744     0.14001498     0.71064744     0.14001498     0.71064744     0.14001498
            365     0.53979866    0.036456225     0.53979866    0.036456225     0.53979866    0.036456225
            370     0.50669033    0.042964604     0.50669033    0.042964604     0.50669033    0.042964604
            375     0.58417669    0.051623398     0.58417669    0.051623398     0.58417669    0.051623398
            380     0.64449181     0.10640525     0.64449181     0.10640525     0.64449181     0.10640525
            385     0.51326618    0.046578586     0.51326618    0.046578586     0.51326618    0.046578586
            390     0.43887368    0.053620273     0.43887368    0.053620273     0.43887368    0.053620273
            395      0.3653463     0.02781293      0.3653463     0.02781293      0.3653463     0.02781293
            400     0.48283376    0.061100493     0.48283376    0.061100493     0.48283376    0.061100493
            405     0.30403295    0.038588545     0.30403295    0.038588545     0.30403295    0.038588545
            410     0.37853006    0.039443531     0.37853006    0.039443531     0.37853006    0.039443531
            415     0.44464955     0.11925467     0.44464955     0.11925467     0.44464955     0.11925467
            420     0.24202359    0.018312974     0.24202359    0.018312974     0.24202359    0.018312974
            425      0.2805561     0.03004954      0.2805561     0.03004954      0.2805561     0.03004954
            430     0.32127238    0.049996216     0.32127238    0.049996216     0.32127238    0.049996216
            435     0.20757291    0.019354688     0.20757291    0.019354688     0.20757291    0.019354688
            440     0.22342231     0.02983344     0.22342231     0.02983344     0.22342231     0.02983344
            445     0.19279939    0.019650184     0.19279939    0.019650184     0.19279939    0.019650184
            450     0.25890624    0.079745074     0.25890624    0.079745074     0.25890624    0.079745074
            455     0.22424391    0.032639922     0.22424391    0.032639922     0.22424391    0.032639922
            460     0.19348553    0.018917014     0.19348553    0.018917014     0.19348553    0.018917014
            465     0.19885969    0.035609889     0.19885969    0.035609889     0.19885969    0.035609889
            470     0.18283041    0.038748919     0.18283041    0.038748919     0.18283041    0.038748919
            475     0.13339258     0.01606424     0.13339258     0.01606424     0.13339258     0.01606424
            480     0.15183465    0.017393958     0.15183465    0.017393958     0.15183465    0.017393958
            485     0.15013429     0.02470723     0.15013429     0.02470723     0.15013429     0.02470723
            490     0.14228514    0.017517065     0.14228514    0.017517065     0.14228514    0.017517065
            495     0.11640841    0.013940881     0.11640841    0.013940881     0.11640841    0.013940881
            500     0.14140791     0.02498039     0.14140791     0.02498039     0.14140791     0.02498039
            505      0.1237537    0.019707383      0.1237537    0.019707383      0.1237537    0.019707383
            510     0.12635309    0.019234491     0.12635309    0.019234491     0.12635309    0.019234491
            515     0.15248472    0.041530895     0.15248472    0.041530895     0.15248472    0.041530895
            520    0.081800256   0.0099592186    0.081800256   0.0099592186    0.081800256   0.0099592186
            525     0.10656835     0.01420922     0.10656835     0.01420922     0.10656835     0.01420922
            530     0.20952224     0.12574523     0.20952224     0.12574523     0.20952224     0.12574523
            535    0.099169389    0.024091166    0.099169389    0.024091166    0.099169389    0.024091166
            540    0.064797677   0.0094333795    0.064797677   0.0094333795    0.064797677   0.0094333795
            545    0.067877578    0.010112996    0.067877578    0.010112996    0.067877578    0.010112996
            550     0.13309709    0.047228129     0.13309709    0.047228129     0.13309709    0.047228129
            555    0.087731614    0.016564712    0.087731614    0.016564712    0.087731614    0.016564712
            560     0.11929913    0.042462629     0.11929913    0.042462629     0.11929913    0.042462629
            565    0.070208937    0.018175019    0.070208937    0.018175019    0.070208937    0.018175019
            570     0.10163974    0.030163849     0.10163974    0.030163849     0.10163974    0.030163849
            575    0.060759153   0.0090437927    0.060759153   0.0090437927    0.060759153   0.0090437927
            580    0.036679448   0.0062449851    0.036679448   0.0062449851    0.036679448   0.0062449851
            585    0.083218719    0.025026471    0.083218719    0.025026471    0.083218719    0.025026471
            590    0.073896004    0.032328379    0.073896004    0.032328379    0.073896004    0.032328379
            595    0.044734783   0.0079519758    0.044734783   0.0079519758    0.044734783   0.0079519758
            600    0.044754074    0.011207049    0.044754074    0.011207049    0.044754074    0.011207049
            605    0.047791634    0.013870476    0.047791634    0.013870476    0.047791634    0.013870476
            610    0.029620453   0.0089379418    0.029620453   0.0089379418    0.029620453   0.0089379418
            615    0.033334252   0.0067658901    0.033334252   0.0067658901    0.033334252   0.0067658901
            620    0.031784764   0.0051579057    0.031784764   0.0051579057    0.031784764   0.0051579057
            625    0.025693248   0.0051829171    0.025693248   0.0051829171    0.025693248   0.0051829171
            630    0.038382815    0.010942506    0.038382815    0.010942506    0.038382815    0.010942506
            635    0.053199508    0.019995706    0.053199508    0.019995706    0.053199508    0.019995706
            640    0.032818051   0.0073770348    0.032818051   0.0073770348    0.032818051   0.0073770348
            645    0.026043405   0.0075174208    0.026043405   0.0075174208    0.026043405   0.0075174208
            650    0.033566634    0.012246512    0.033566634    0.012246512    0.033566634    0.012246512
            655    0.023388169   0.0095570879    0.023388169   0.0095570879    0.023388169   0.0095570879
            660    0.025272795   0.0050538535    0.025272795   0.0050538535    0.025272795   0.0050538535
            665    0.040773838    0.014972333    0.040773838    0.014972333    0.040773838    0.014972333
            670    0.022598543   0.0047315029    0.022598543   0.0047315029    0.022598543   0.0047315029
            675    0.050875611    0.029959113    0.050875611    0.029959113    0.050875611    0.029959113
            680    0.012823051    0.003483852    0.012823051    0.003483852    0.012823051    0.003483852
            685    0.021177681   0.0078700389    0.021177681   0.0078700389    0.021177681   0.0078700389
            690    0.033085079   0.0093819618    0.033085079   0.0093819618    0.033085079   0.0093819618
            695    0.021509508   0.0061450082    0.021509508   0.0061450082    0.021509508   0.0061450082
            700     0.01797985   0.0052613419     0.01797985   0.0052613419     0.01797985   0.0052613419
            705    0.055188306    0.040006174    0.055188306    0.040006174    0.055188306    0.040006174
            710    0.017364075   0.0046758827    0.017364075   0.0046758827    0.017364075   0.0046758827
            715    0.012392264   0.0053312848    0.012392264   0.0053312848    0.012392264   0.0053312848
            720    0.010353701   0.0029253194    0.010353701   0.0029253194    0.010353701   0.0029253194
            725     0.15880573     0.14188711     0.15880573     0.14188711     0.15880573     0.14188711
            730    0.015364528    0.003861152    0.015364528    0.003861152    0.015364528    0.003861152
            735      0.0253912    0.012185209      0.0253912    0.012185209      0.0253912    0.012185209
            740   0.0067678346   0.0030187654   0.0067678346   0.0030187654   0.0067678346   0.0030187654
            745    0.010334173   0.0031251329    0.010334173   0.0031251329    0.010334173   0.0031251329
            750    0.011500689   0.0033768068    0.011500689   0.0033768068    0.011500689   0.0033768068
            755    0.021250414    0.008651848    0.021250414    0.008651848    0.021250414    0.008651848
            760    0.014557717   0.0037103134    0.014557717   0.0037103134    0.014557717   0.0037103134
            765    0.009244429   0.0038706567    0.009244429   0.0038706567    0.009244429   0.0038706567
            770    0.012174094   0.0038929909    0.012174094   0.0038929909    0.012174094   0.0038929909
            775    0.039547677     0.02934963    0.039547677     0.02934963    0.039547677     0.02934963
            780    0.021017559   0.0089133121    0.021017559   0.0089133121    0.021017559   0.0089133121
            785    0.005979744   0.0026095363    0.005979744   0.0026095363    0.005979744   0.0026095363
            790    0.007071437   0.0026316588    0.007071437   0.0026316588    0.007071437   0.0026316588
            795   0.0067783268   0.0024556159   0.0067783268   0.0024556159   0.0067783268   0.0024556159
            800   0.0092511023   0.0028456958   0.0092511023   0.0028456958   0.0092511023   0.0028456958
            805    0.082685098    0.071817995    0.082685098    0.071817995    0.082685098    0.071817995
            810   0.0060452363   0.0027182043   0.0060452363   0.0027182043   0.0060452363   0.0027182043
            815   0.0048191535    0.002257959   0.0048191535    0.002257959   0.0048191535    0.002257959
            820   0.0092687401   0.0044191968   0.0092687401   0.0044191968   0.0092687401   0.0044191968
            825   0.0082472834   0.0034733105   0.0082472834   0.0034733105   0.0082472834   0.0034733105
            830    0.017392914   0.0069015775    0.017392914   0.0069015775    0.017392914   0.0069015775
            835   0.0096914565   0.0051670398   0.0096914565   0.0051670398   0.0096914565   0.0051670398
            840   0.0019673622    0.001167031   0.0019673622    0.001167031   0.0019673622    0.001167031
            845    0.017164823    0.011329043    0.017164823    0.011329043    0.017164823    0.011329043
            850    0.014148976    0.010783493    0.014148976    0.010783493    0.014148976    0.010783493
            855   0.0064287402   0.0033477664   0.0064287402   0.0033477664   0.0064287402   0.0033477664
            860   0.0042539763   0.0030820279   0.0042539763   0.0030820279   0.0042539763   0.0030820279
            865   0.0044198031     0.00181035   0.0044198031     0.00181035   0.0044198031     0.00181035
            870    0.004613681   0.0018843629    0.004613681   0.0018843629    0.004613681   0.0018843629
            875   0.0032752166   0.0017230063   0.0032752166   0.0017230063   0.0032752166   0.0017230063
            880   0.0065777757   0.0028071514   0.0065777757   0.0028071514   0.0065777757   0.0028071514
            885   0.0024350787    0.001418737   0.0024350787    0.001418737   0.0024350787    0.001418737
            890   0.0013055512   0.0014317591   0.0013055512   0.0014317591   0.0013055512   0.0014317591
            895   0.0021587401   0.0012524497   0.0021587401   0.0012524497   0.0021587401   0.0012524497
            900    0.003018248   0.0018577442    0.003018248   0.0018577442    0.003018248   0.0018577442
            905   0.0043970078   0.0018037924   0.0043970078   0.0018037924   0.0043970078   0.0018037924
            910   0.0009551161  0.00081132405   0.0009551161  0.00081132405   0.0009551161  0.00081132405
            915   0.0053894488   0.0020435776   0.0053894488   0.0020435776   0.0053894488   0.0020435776
            920    0.016933445    0.010667818    0.016933445    0.010667818    0.016933445    0.010667818
            925   0.0081884644   0.0068306115   0.0081884644   0.0068306115   0.0081884644   0.0068306115
            930     0.00228687   0.0020050142     0.00228687   0.0020050142     0.00228687   0.0020050142
            935   0.0025809449   0.0015079531   0.0025809449   0.0015079531   0.0025809449   0.0015079531
            940    0.020893484    0.018840479    0.020893484    0.018840479    0.020893484    0.018840479
            945    0.020114625    0.016102171    0.020114625    0.016102171    0.020114625    0.016102171
            950   0.0022648819   0.0013078288   0.0022648819   0.0013078288   0.0022648819   0.0013078288
            955   0.0045067717   0.0046743044   0.0045067717   0.0046743044   0.0045067717   0.0046743044
            960   0.0073123621   0.0046748524   0.0073123621   0.0046748524   0.0073123621   0.0046748524
            965    0.005745059   0.0020559469    0.005745059   0.0020559469    0.005745059   0.0020559469
            970   0.0021682677   0.0020379438   0.0021682677   0.0020379438   0.0021682677   0.0020379438
            975   0.0021952755   0.0021951657   0.0021952755   0.0021951657   0.0021952755   0.0021951657
            980   0.0021254724   0.0012350526   0.0021254724   0.0012350526   0.0021254724   0.0012350526
            985   0.0022969488   0.0017119941   0.0022969488   0.0017119941   0.0022969488   0.0017119941
            990  0.00076568897   0.0013261459  0.00076568897   0.0013261459  0.00076568897   0.0013261459
            995   0.0014988779   0.0015160714   0.0014988779   0.0015160714   0.0014988779   0.0015160714
           1000   0.0014988779   0.0015160714   0.0014988779   0.0015160714   0.0014988779   0.0015160714
