#    pt_Z-ptj60        central        num_err    min (scale)        num_err    max (scale)        num_err
              0      8.4411376     0.21388102      8.4411376     0.21388102      8.4411376     0.21388102
              5      25.725782     0.32613847      25.725782     0.32613847      25.725782     0.32613847
             10      42.231099     0.44931843      42.231099     0.44931843      42.231099     0.44931843
             15      59.389323     0.59388204      59.389323     0.59388204      59.389323     0.59388204
             20      75.112822     0.64887574      75.112822     0.64887574      75.112822     0.64887574
             25      88.333158     0.69838109      88.333158     0.69838109      88.333158     0.69838109
             30      102.53749      0.8187797      102.53749      0.8187797      102.53749      0.8187797
             35      112.60798     0.86382497      112.60798     0.86382497      112.60798     0.86382497
             40      120.20459     0.88504977      120.20459     0.88504977      120.20459     0.88504977
             45      127.00913     0.93221299      127.00913     0.93221299      127.00913     0.93221299
             50      128.63823     0.94198261      128.63823     0.94198261      128.63823     0.94198261
             55      129.54766       0.975221      129.54766       0.975221      129.54766       0.975221
             60       126.1806     0.89628115       126.1806     0.89628115       126.1806     0.89628115
             65      120.13927     0.82310619      120.13927     0.82310619      120.13927     0.82310619
             70      113.91519      0.8681861      113.91519      0.8681861      113.91519      0.8681861
             75      106.65078     0.83391963      106.65078     0.83391963      106.65078     0.83391963
             80      99.126708      0.8680234      99.126708      0.8680234      99.126708      0.8680234
             85      88.191798     0.67961161      88.191798     0.67961161      88.191798     0.67961161
             90       79.80021     0.70252132       79.80021     0.70252132       79.80021     0.70252132
             95      71.212028     0.59859684      71.212028     0.59859684      71.212028     0.59859684
            100      64.099829     0.62653343      64.099829     0.62653343      64.099829     0.62653343
            105      56.188576     0.53134762      56.188576     0.53134762      56.188576     0.53134762
            110      50.927589     0.59881435      50.927589     0.59881435      50.927589     0.59881435
            115      44.830798      0.5347035      44.830798      0.5347035      44.830798      0.5347035
            120      39.365136     0.48835278      39.365136     0.48835278      39.365136     0.48835278
            125      34.898321     0.38576959      34.898321     0.38576959      34.898321     0.38576959
            130      31.650838     0.46820377      31.650838     0.46820377      31.650838     0.46820377
            135       27.43134     0.34852224       27.43134     0.34852224       27.43134     0.34852224
            140       24.88409     0.39260843       24.88409     0.39260843       24.88409     0.39260843
            145      22.484166     0.35224318      22.484166     0.35224318      22.484166     0.35224318
            150        19.5523     0.31051072        19.5523     0.31051072        19.5523     0.31051072
            155      18.198232     0.29688565      18.198232     0.29688565      18.198232     0.29688565
            160      15.717949     0.26751065      15.717949     0.26751065      15.717949     0.26751065
            165      14.337042     0.26799782      14.337042     0.26799782      14.337042     0.26799782
            170      12.286821     0.20544639      12.286821     0.20544639      12.286821     0.20544639
            175      11.609939     0.26777275      11.609939     0.26777275      11.609939     0.26777275
            180      11.176603     0.37080628      11.176603     0.37080628      11.176603     0.37080628
            185      9.4413947     0.24193083      9.4413947     0.24193083      9.4413947     0.24193083
            190      8.3013007     0.17527252      8.3013007     0.17527252      8.3013007     0.17527252
            195      7.8700611     0.27446604      7.8700611     0.27446604      7.8700611     0.27446604
            200      6.9983498     0.18190097      6.9983498     0.18190097      6.9983498     0.18190097
            205      6.4554355     0.15412555      6.4554355     0.15412555      6.4554355     0.15412555
            210      6.0989658      0.2934894      6.0989658      0.2934894      6.0989658      0.2934894
            215      5.5063091      0.1449951      5.5063091      0.1449951      5.5063091      0.1449951
            220      4.6220398     0.12625913      4.6220398     0.12625913      4.6220398     0.12625913
            225       4.582331     0.18919303       4.582331     0.18919303       4.582331     0.18919303
            230      3.9646689     0.11419229      3.9646689     0.11419229      3.9646689     0.11419229
            235      3.8742931     0.13493706      3.8742931     0.13493706      3.8742931     0.13493706
            240      3.3733211     0.11073297      3.3733211     0.11073297      3.3733211     0.11073297
            245      3.2089196     0.19043586      3.2089196     0.19043586      3.2089196     0.19043586
            250      2.9357609     0.10944649      2.9357609     0.10944649      2.9357609     0.10944649
            255      2.7908066     0.10399058      2.7908066     0.10399058      2.7908066     0.10399058
            260      2.5201129    0.089998081      2.5201129    0.089998081      2.5201129    0.089998081
            265      2.2151655     0.07856508      2.2151655     0.07856508      2.2151655     0.07856508
            270      2.2115894    0.089303216      2.2115894    0.089303216      2.2115894    0.089303216
            275      2.0211494     0.13005564      2.0211494     0.13005564      2.0211494     0.13005564
            280      1.7783659    0.078079993      1.7783659    0.078079993      1.7783659    0.078079993
            285      1.7916411    0.094700817      1.7916411    0.094700817      1.7916411    0.094700817
            290      1.7144342     0.13224762      1.7144342     0.13224762      1.7144342     0.13224762
            295      1.5550685    0.088639269      1.5550685    0.088639269      1.5550685    0.088639269
            300      1.5211482     0.13636425      1.5211482     0.13636425      1.5211482     0.13636425
            305      1.2717626    0.058398874      1.2717626    0.058398874      1.2717626    0.058398874
            310      1.1350251    0.080767605      1.1350251    0.080767605      1.1350251    0.080767605
            315      1.0874456    0.062735528      1.0874456    0.062735528      1.0874456    0.062735528
            320      1.0783726    0.082754485      1.0783726    0.082754485      1.0783726    0.082754485
            325       1.028041    0.072819754       1.028041    0.072819754       1.028041    0.072819754
            330     0.81147925    0.043215359     0.81147925    0.043215359     0.81147925    0.043215359
            335     0.81975071     0.04690355     0.81975071     0.04690355     0.81975071     0.04690355
            340     0.97012211     0.13525167     0.97012211     0.13525167     0.97012211     0.13525167
            345      0.6088125    0.090614457      0.6088125    0.090614457      0.6088125    0.090614457
            350     0.61380579    0.042985573     0.61380579    0.042985573     0.61380579    0.042985573
            355     0.56903758    0.046636944     0.56903758    0.046636944     0.56903758    0.046636944
            360      0.6805436     0.13989346      0.6805436     0.13989346      0.6805436     0.13989346
            365     0.50646421    0.035917986     0.50646421    0.035917986     0.50646421    0.035917986
            370     0.48997081    0.042804724     0.48997081    0.042804724     0.48997081    0.042804724
            375     0.55565317    0.051226905     0.55565317    0.051226905     0.55565317    0.051226905
            380     0.61689354     0.10611088     0.61689354     0.10611088     0.61689354     0.10611088
            385     0.49030831    0.046313463     0.49030831    0.046313463     0.49030831    0.046313463
            390     0.41738411    0.053348569     0.41738411    0.053348569     0.41738411    0.053348569
            395     0.34844764     0.02747193     0.34844764     0.02747193     0.34844764     0.02747193
            400     0.46744734    0.060983454     0.46744734    0.060983454     0.46744734    0.060983454
            405     0.28696096    0.037539721     0.28696096    0.037539721     0.28696096    0.037539721
            410     0.35057949    0.036689794     0.35057949    0.036689794     0.35057949    0.036689794
            415     0.42223772      0.1191211     0.42223772      0.1191211     0.42223772      0.1191211
            420     0.22095981    0.017784142     0.22095981    0.017784142     0.22095981    0.017784142
            425     0.26874537    0.029877708     0.26874537    0.029877708     0.26874537    0.029877708
            430     0.30986565     0.04987779     0.30986565     0.04987779     0.30986565     0.04987779
            435     0.19169526    0.018788387     0.19169526    0.018788387     0.19169526    0.018788387
            440     0.21437443    0.029651783     0.21437443    0.029651783     0.21437443    0.029651783
            445      0.1855537    0.019496354      0.1855537    0.019496354      0.1855537    0.019496354
            450     0.25247921    0.079718265     0.25247921    0.079718265     0.25247921    0.079718265
            455     0.21743795    0.032560675     0.21743795    0.032560675     0.21743795    0.032560675
            460     0.17695486    0.018348004     0.17695486    0.018348004     0.17695486    0.018348004
            465     0.19048518    0.035491166     0.19048518    0.035491166     0.19048518    0.035491166
            470     0.17401258    0.038618984     0.17401258    0.038618984     0.17401258    0.038618984
            475     0.12704421    0.015852121     0.12704421    0.015852121     0.12704421    0.015852121
            480     0.14134411    0.017171823     0.14134411    0.017171823     0.14134411    0.017171823
            485     0.14054722    0.024538635     0.14054722    0.024538635     0.14054722    0.024538635
            490     0.13618157    0.017311138     0.13618157    0.017311138     0.13618157    0.017311138
            495     0.11192591    0.013815975     0.11192591    0.013815975     0.11192591    0.013815975
            500     0.13103746    0.024619273     0.13103746    0.024619273     0.13103746    0.024619273
            505     0.12227087    0.019666691     0.12227087    0.019666691     0.12227087    0.019666691
            510     0.12294677    0.019169081     0.12294677    0.019169081     0.12294677    0.019169081
            515     0.14080035    0.041322959     0.14080035    0.041322959     0.14080035    0.041322959
            520    0.073072539   0.0094536447    0.073072539   0.0094536447    0.073072539   0.0094536447
            525     0.10269923    0.013993291     0.10269923    0.013993291     0.10269923    0.013993291
            530      0.2045799     0.12573076      0.2045799     0.12573076      0.2045799     0.12573076
            535    0.095672972    0.024040207    0.095672972    0.024040207    0.095672972    0.024040207
            540    0.062058248   0.0092718929    0.062058248   0.0092718929    0.062058248   0.0092718929
            545      0.0654437    0.010038694      0.0654437    0.010038694      0.0654437    0.010038694
            550     0.12486138    0.047018308     0.12486138    0.047018308     0.12486138    0.047018308
            555    0.083150078    0.016457512    0.083150078    0.016457512    0.083150078    0.016457512
            560     0.11832665    0.042448765     0.11832665    0.042448765     0.11832665    0.042448765
            565    0.068367007    0.018142753    0.068367007    0.018142753    0.068367007    0.018142753
            570    0.097285394    0.030109627    0.097285394    0.030109627    0.097285394    0.030109627
            575    0.057706279   0.0089358571    0.057706279   0.0089358571    0.057706279   0.0089358571
            580    0.036679448   0.0062449851    0.036679448   0.0062449851    0.036679448   0.0062449851
            585    0.080623502    0.024991742    0.080623502    0.024991742    0.080623502    0.024991742
            590    0.070942834    0.032294399    0.070942834    0.032294399    0.070942834    0.032294399
            595    0.043970374   0.0079151536    0.043970374   0.0079151536    0.043970374   0.0079151536
            600     0.04243935     0.01114484     0.04243935     0.01114484     0.04243935     0.01114484
            605    0.047791634    0.013870476    0.047791634    0.013870476    0.047791634    0.013870476
            610    0.026434311   0.0087045217    0.026434311   0.0087045217    0.026434311   0.0087045217
            615    0.033334252   0.0067658901    0.033334252   0.0067658901    0.033334252   0.0067658901
            620    0.030016614   0.0049919028    0.030016614   0.0049919028    0.030016614   0.0049919028
            625    0.020876713    0.004564134    0.020876713    0.004564134    0.020876713    0.004564134
            630    0.037702244    0.010921323    0.037702244    0.010921323    0.037702244    0.010921323
            635     0.05166813    0.019966367     0.05166813    0.019966367     0.05166813    0.019966367
            640      0.0321325   0.0073451146      0.0321325   0.0073451146      0.0321325   0.0073451146
            645    0.024527539   0.0074058254    0.024527539   0.0074058254    0.024527539   0.0074058254
            650    0.032759646    0.012219897    0.032759646    0.012219897    0.032759646    0.012219897
            655    0.023388169   0.0095570879    0.023388169   0.0095570879    0.023388169   0.0095570879
            660    0.024437244   0.0049843113    0.024437244   0.0049843113    0.024437244   0.0049843113
            665    0.039934016    0.014948763    0.039934016    0.014948763    0.039934016    0.014948763
            670    0.022598543   0.0047315029    0.022598543   0.0047315029    0.022598543   0.0047315029
            675    0.049724647    0.029948058    0.049724647    0.029948058    0.049724647    0.029948058
            680    0.012823051    0.003483852    0.012823051    0.003483852    0.012823051    0.003483852
            685    0.021177681   0.0078700389    0.021177681   0.0078700389    0.021177681   0.0078700389
            690    0.030258976   0.0092293304    0.030258976   0.0092293304    0.030258976   0.0092293304
            695    0.019449468   0.0057894821    0.019449468   0.0057894821    0.019449468   0.0057894821
            700    0.017394036   0.0052022364    0.017394036   0.0052022364    0.017394036   0.0052022364
            705    0.054601397    0.040001869    0.054601397    0.040001869    0.054601397    0.040001869
            710    0.016678267    0.004625321    0.016678267    0.004625321    0.016678267    0.004625321
            715    0.013157953    0.005276019    0.013157953    0.005276019    0.013157953    0.005276019
            720   0.0083168897   0.0026759143   0.0083168897   0.0026759143   0.0083168897   0.0026759143
            725     0.15664118     0.14187832     0.15664118     0.14187832     0.15664118     0.14187832
            730    0.015364528    0.003861152    0.015364528    0.003861152    0.015364528    0.003861152
            735      0.0253912    0.012185209      0.0253912    0.012185209      0.0253912    0.012185209
            740   0.0073566142   0.0029607968   0.0073566142   0.0029607968   0.0073566142   0.0029607968
            745    0.010334173   0.0031251329    0.010334173   0.0031251329    0.010334173   0.0031251329
            750    0.011500689   0.0033768068    0.011500689   0.0033768068    0.011500689   0.0033768068
            755    0.021250414    0.008651848    0.021250414    0.008651848    0.021250414    0.008651848
            760    0.014557717   0.0037103134    0.014557717   0.0037103134    0.014557717   0.0037103134
            765    0.009244429   0.0038706567    0.009244429   0.0038706567    0.009244429   0.0038706567
            770    0.011434331   0.0038220652    0.011434331   0.0038220652    0.011434331   0.0038220652
            775    0.039547677     0.02934963    0.039547677     0.02934963    0.039547677     0.02934963
            780    0.021017559   0.0089133121    0.021017559   0.0089133121    0.021017559   0.0089133121
            785    0.005979744   0.0026095363    0.005979744   0.0026095363    0.005979744   0.0026095363
            790    0.007071437   0.0026316588    0.007071437   0.0026316588    0.007071437   0.0026316588
            795   0.0067783268   0.0024556159   0.0067783268   0.0024556159   0.0067783268   0.0024556159
            800   0.0092511023   0.0028456958   0.0092511023   0.0028456958   0.0092511023   0.0028456958
            805    0.082685098    0.071817995    0.082685098    0.071817995    0.082685098    0.071817995
            810   0.0043609055   0.0021335296   0.0043609055   0.0021335296   0.0043609055   0.0021335296
            815   0.0048191535    0.002257959   0.0048191535    0.002257959   0.0048191535    0.002257959
            820   0.0085030511   0.0043523648   0.0085030511   0.0043523648   0.0085030511   0.0043523648
            825   0.0082472834   0.0034733105   0.0082472834   0.0034733105   0.0082472834   0.0034733105
            830    0.016630728   0.0068593662    0.016630728   0.0068593662    0.016630728   0.0068593662
            835   0.0096914565   0.0051670398   0.0096914565   0.0051670398   0.0096914565   0.0051670398
            840   0.0019673622    0.001167031   0.0019673622    0.001167031   0.0019673622    0.001167031
            845    0.017164823    0.011329043    0.017164823    0.011329043    0.017164823    0.011329043
            850    0.014148976    0.010783493    0.014148976    0.010783493    0.014148976    0.010783493
            855   0.0058911024   0.0033043175   0.0058911024   0.0033043175   0.0058911024   0.0033043175
            860   0.0042539763   0.0030820279   0.0042539763   0.0030820279   0.0042539763   0.0030820279
            865   0.0044198031     0.00181035   0.0044198031     0.00181035   0.0044198031     0.00181035
            870    0.004613681   0.0018843629    0.004613681   0.0018843629    0.004613681   0.0018843629
            875   0.0032752166   0.0017230063   0.0032752166   0.0017230063   0.0032752166   0.0017230063
            880   0.0065777757   0.0028071514   0.0065777757   0.0028071514   0.0065777757   0.0028071514
            885   0.0024350787    0.001418737   0.0024350787    0.001418737   0.0024350787    0.001418737
            890   0.0013055512   0.0014317591   0.0013055512   0.0014317591   0.0013055512   0.0014317591
            895   0.0015403543    0.001089159   0.0015403543    0.001089159   0.0015403543    0.001089159
            900    0.003018248   0.0018577442    0.003018248   0.0018577442    0.003018248   0.0018577442
            905   0.0038267322   0.0017112818   0.0038267322   0.0017112818   0.0038267322   0.0017112818
            910   0.0009551161  0.00081132405   0.0009551161  0.00081132405   0.0009551161  0.00081132405
            915   0.0053894488   0.0020435776   0.0053894488   0.0020435776   0.0053894488   0.0020435776
            920    0.016933445    0.010667818    0.016933445    0.010667818    0.016933445    0.010667818
            925   0.0081884644   0.0068306115   0.0081884644   0.0068306115   0.0081884644   0.0068306115
            930     0.00228687   0.0020050142     0.00228687   0.0020050142     0.00228687   0.0020050142
            935   0.0015313779   0.0010827936   0.0015313779   0.0010827936   0.0015313779   0.0010827936
            940    0.019404803    0.018781579    0.019404803    0.018781579    0.019404803    0.018781579
            945    0.020114625    0.016102171    0.020114625    0.016102171    0.020114625    0.016102171
            950   0.0022648819   0.0013078288   0.0022648819   0.0013078288   0.0022648819   0.0013078288
            955   0.0045067717   0.0046743044   0.0045067717   0.0046743044   0.0045067717   0.0046743044
            960   0.0073123621   0.0046748524   0.0073123621   0.0046748524   0.0073123621   0.0046748524
            965    0.005745059   0.0020559469    0.005745059   0.0020559469    0.005745059   0.0020559469
            970   0.0021682677   0.0020379438   0.0021682677   0.0020379438   0.0021682677   0.0020379438
            975   0.0021952755   0.0021951657   0.0021952755   0.0021951657   0.0021952755   0.0021951657
            980   0.0021254724   0.0012350526   0.0021254724   0.0012350526   0.0021254724   0.0012350526
            985   0.0022969488   0.0017119941   0.0022969488   0.0017119941   0.0022969488   0.0017119941
            990  0.00076568897   0.0013261459  0.00076568897   0.0013261459  0.00076568897   0.0013261459
            995   0.0014988779   0.0015160714   0.0014988779   0.0015160714   0.0014988779   0.0015160714
           1000   0.0014988779   0.0015160714   0.0014988779   0.0015160714   0.0014988779   0.0015160714
