#   y_bbZ-ptj60        central        num_err    min (scale)        num_err    max (scale)        num_err
             -5              0              0              0              0              0              0
           -4.9              0              0              0              0              0              0
           -4.8              0              0              0              0              0              0
           -4.7    0.098740156    0.070270402    0.098740156    0.070270402    0.098740156    0.070270402
           -4.6     0.17503246     0.60355184     0.17503246     0.60355184     0.17503246     0.60355184
           -4.5      4.4750827      2.1630723      4.4750827      2.1630723      4.4750827      2.1630723
           -4.4      5.1925305      2.0196294      5.1925305      2.0196294      5.1925305      2.0196294
           -4.3       6.042667      3.3238623       6.042667      3.3238623       6.042667      3.3238623
           -4.2      27.191446      4.3729921      27.191446      4.3729921      27.191446      4.3729921
           -4.1      49.397143      9.9178013      49.397143      9.9178013      49.397143      9.9178013
             -4       58.46008      4.8211029       58.46008      4.8211029       58.46008      4.8211029
           -3.9      130.06368      9.5310223      130.06368      9.5310223      130.06368      9.5310223
           -3.8       181.5744      14.972359       181.5744      14.972359       181.5744      14.972359
           -3.7      238.81526       16.52299      238.81526       16.52299      238.81526       16.52299
           -3.6      303.50366      14.848492      303.50366      14.848492      303.50366      14.848492
           -3.5      389.48133      13.396241      389.48133      13.396241      389.48133      13.396241
           -3.4      448.66275      15.667927      448.66275      15.667927      448.66275      15.667927
           -3.3      572.77824       15.92412      572.77824       15.92412      572.77824       15.92412
           -3.2      661.74554      13.882666      661.74554      13.882666      661.74554      13.882666
           -3.1      754.45356      15.928793      754.45356      15.928793      754.45356      15.928793
             -3      880.45101      16.575049      880.45101      16.575049      880.45101      16.575049
           -2.9       1025.726      19.358296       1025.726      19.358296       1025.726      19.358296
           -2.8       1096.215      19.608266       1096.215      19.608266       1096.215      19.608266
           -2.7      1243.0696      18.639553      1243.0696      18.639553      1243.0696      18.639553
           -2.6      1338.5002      19.642765      1338.5002      19.642765      1338.5002      19.642765
           -2.5      1427.2709      19.543231      1427.2709      19.543231      1427.2709      19.543231
           -2.4      1546.8491      22.349427      1546.8491      22.349427      1546.8491      22.349427
           -2.3      1622.7514      24.077284      1622.7514      24.077284      1622.7514      24.077284
           -2.2      1699.7339      22.002942      1699.7339      22.002942      1699.7339      22.002942
           -2.1       1779.758      24.959983       1779.758      24.959983       1779.758      24.959983
             -2      1905.9655      26.281207      1905.9655      26.281207      1905.9655      26.281207
           -1.9      1930.2593      23.115953      1930.2593      23.115953      1930.2593      23.115953
           -1.8       2006.912      25.578397       2006.912      25.578397       2006.912      25.578397
           -1.7      2046.1835      23.015698      2046.1835      23.015698      2046.1835      23.015698
           -1.6      2079.1943      21.271815      2079.1943      21.271815      2079.1943      21.271815
           -1.5      2124.7632      24.062521      2124.7632      24.062521      2124.7632      24.062521
           -1.4      2109.3665      23.573877      2109.3665      23.573877      2109.3665      23.573877
           -1.3      2181.7477      24.281418      2181.7477      24.281418      2181.7477      24.281418
           -1.2      2232.7538      24.151904      2232.7538      24.151904      2232.7538      24.151904
           -1.1      2213.6437      25.093559      2213.6437      25.093559      2213.6437      25.093559
             -1      2287.4272      30.783946      2287.4272      30.783946      2287.4272      30.783946
           -0.9      2271.1011       24.08634      2271.1011       24.08634      2271.1011       24.08634
           -0.8      2287.8385      25.397852      2287.8385      25.397852      2287.8385      25.397852
           -0.7      2270.9703      24.427796      2270.9703      24.427796      2270.9703      24.427796
           -0.6      2299.4413       24.65499      2299.4413       24.65499      2299.4413       24.65499
           -0.5      2271.5949      24.374972      2271.5949      24.374972      2271.5949      24.374972
           -0.4      2322.3961      28.234684      2322.3961      28.234684      2322.3961      28.234684
           -0.3      2273.9252      22.577734      2273.9252      22.577734      2273.9252      22.577734
           -0.2      2314.1073      25.831292      2314.1073      25.831292      2314.1073      25.831292
           -0.1      2376.1528      25.454591      2376.1528      25.454591      2376.1528      25.454591
              0      2289.2752      24.032518      2289.2752      24.032518      2289.2752      24.032518
            0.1      2308.2473      24.297423      2308.2473      24.297423      2308.2473      24.297423
            0.2       2308.865      26.993419       2308.865      26.993419       2308.865      26.993419
            0.3      2276.4595      26.900555      2276.4595      26.900555      2276.4595      26.900555
            0.4      2322.2321      29.090837      2322.2321      29.090837      2322.2321      29.090837
            0.5      2298.0127      25.219907      2298.0127      25.219907      2298.0127      25.219907
            0.6       2259.575      27.052731       2259.575      27.052731       2259.575      27.052731
            0.7      2246.0234      24.762779      2246.0234      24.762779      2246.0234      24.762779
            0.8      2228.1598      23.990407      2228.1598      23.990407      2228.1598      23.990407
            0.9      2220.7907       24.69183      2220.7907       24.69183      2220.7907       24.69183
              1      2200.2264      24.949585      2200.2264      24.949585      2200.2264      24.949585
            1.1      2229.7872      26.069666      2229.7872      26.069666      2229.7872      26.069666
            1.2      2202.9578      27.164913      2202.9578      27.164913      2202.9578      27.164913
            1.3      2165.6944      26.224626      2165.6944      26.224626      2165.6944      26.224626
            1.4      2094.6206      25.741854      2094.6206      25.741854      2094.6206      25.741854
            1.5      2080.7072      24.813016      2080.7072      24.813016      2080.7072      24.813016
            1.6      2087.1398      28.440142      2087.1398      28.440142      2087.1398      28.440142
            1.7      1946.6479      23.155363      1946.6479      23.155363      1946.6479      23.155363
            1.8      1905.5169      23.458709      1905.5169      23.458709      1905.5169      23.458709
            1.9      1877.0716      25.439826      1877.0716      25.439826      1877.0716      25.439826
              2      1774.7295      20.917127      1774.7295      20.917127      1774.7295      20.917127
            2.1      1710.4958      24.664645      1710.4958      24.664645      1710.4958      24.664645
            2.2      1586.1572      21.552563      1586.1572      21.552563      1586.1572      21.552563
            2.3      1502.1588      19.353289      1502.1588      19.353289      1502.1588      19.353289
            2.4      1461.6813      21.435675      1461.6813      21.435675      1461.6813      21.435675
            2.5      1337.4344      21.641539      1337.4344      21.641539      1337.4344      21.641539
            2.6      1194.8582      16.092243      1194.8582      16.092243      1194.8582      16.092243
            2.7      1123.3357      22.979362      1123.3357      22.979362      1123.3357      22.979362
            2.8      1034.4361      17.729746      1034.4361      17.729746      1034.4361      17.729746
            2.9      850.62245      15.033389      850.62245      15.033389      850.62245      15.033389
              3       781.4999       17.99055       781.4999       17.99055       781.4999       17.99055
            3.1      680.95151       17.03244      680.95151       17.03244      680.95151       17.03244
            3.2      576.73931      17.920737      576.73931      17.920737      576.73931      17.920737
            3.3      448.10089      15.847739      448.10089      15.847739      448.10089      15.847739
            3.4      342.22244      9.8476399      342.22244      9.8476399      342.22244      9.8476399
            3.5      289.74948      11.668106      289.74948      11.668106      289.74948      11.668106
            3.6      233.06501      12.971857      233.06501      12.971857      233.06501      12.971857
            3.7      165.48306      9.2555806      165.48306      9.2555806      165.48306      9.2555806
            3.8       112.4881      8.1279599       112.4881      8.1279599       112.4881      8.1279599
            3.9      73.207555      8.6118429      73.207555      8.6118429      73.207555      8.6118429
              4      34.769839      4.7705951      34.769839      4.7705951      34.769839      4.7705951
            4.1      21.190244      3.7692293      21.190244      3.7692293      21.190244      3.7692293
            4.2      21.452027      5.3361052      21.452027      5.3361052      21.452027      5.3361052
            4.3      6.6531024       2.403992      6.6531024       2.403992      6.6531024       2.403992
            4.4     -2.3513081      3.0357718     -2.3513081      3.0357718     -2.3513081      3.0357718
            4.5     0.10612205     0.10611674     0.10612205     0.10611674     0.10612205     0.10611674
            4.6     -2.7266623      2.7792895     -2.7266623      2.7792895     -2.7266623      2.7792895
            4.7              0              0              0              0              0              0
            4.8              0              0              0              0              0              0
            4.9              0              0              0              0              0              0
              5              0              0              0              0              0              0
