#  y_bbZ-ptj120        central        num_err    min (scale)        num_err    max (scale)        num_err
             -5              0              0              0              0              0              0
           -4.9              0              0              0              0              0              0
           -4.8              0              0              0              0              0              0
           -4.7              0              0              0              0              0              0
           -4.6              0              0              0              0              0              0
           -4.5    0.084449802    0.059971357    0.084449802    0.059971357    0.084449802    0.059971357
           -4.4              0              0              0              0              0              0
           -4.3   -0.013070866    0.013070213   -0.013070866    0.013070213   -0.013070866    0.013070213
           -4.2      2.1573435      1.1408498      2.1573435      1.1408498      2.1573435      1.1408498
           -4.1      5.3341576      4.6348073      5.3341576      4.6348073      5.3341576      4.6348073
             -4      4.6439921      1.9668159      4.6439921      1.9668159      4.6439921      1.9668159
           -3.9      13.688414      5.2988443      13.688414      5.2988443      13.688414      5.2988443
           -3.8      16.226206      4.0958965      16.226206      4.0958965      16.226206      4.0958965
           -3.7      18.678365      3.2183282      18.678365      3.2183282      18.678365      3.2183282
           -3.6       32.39463      3.5156046       32.39463      3.5156046       32.39463      3.5156046
           -3.5      46.198088      5.7786613      46.198088      5.7786613      46.198088      5.7786613
           -3.4      55.990975      10.302248      55.990975      10.302248      55.990975      10.302248
           -3.3      89.444562      9.5889571      89.444562      9.5889571      89.444562      9.5889571
           -3.2      106.99903      6.8274367      106.99903      6.8274367      106.99903      6.8274367
           -3.1      129.56772      9.7198067      129.56772      9.7198067      129.56772      9.7198067
             -3      176.21402      8.8451536      176.21402      8.8451536      176.21402      8.8451536
           -2.9      196.46717      8.5848056      196.46717      8.5848056      196.46717      8.5848056
           -2.8      261.51229      14.279913      261.51229      14.279913      261.51229      14.279913
           -2.7      287.80036      10.027077      287.80036      10.027077      287.80036      10.027077
           -2.6      313.49384      10.006916      313.49384      10.006916      313.49384      10.006916
           -2.5      367.15684      12.514422      367.15684      12.514422      367.15684      12.514422
           -2.4      410.23314      14.992722      410.23314      14.992722      410.23314      14.992722
           -2.3      453.55135       17.39032      453.55135       17.39032      453.55135       17.39032
           -2.2      475.94442      12.561773      475.94442      12.561773      475.94442      12.561773
           -2.1      523.70047       15.68682      523.70047       15.68682      523.70047       15.68682
             -2      575.06593      19.192791      575.06593      19.192791      575.06593      19.192791
           -1.9      559.68233      13.512797      559.68233      13.512797      559.68233      13.512797
           -1.8       587.5672      14.382159       587.5672      14.382159       587.5672      14.382159
           -1.7      642.31165      15.219483      642.31165      15.219483      642.31165      15.219483
           -1.6      658.73635      14.632675      658.73635      14.632675      658.73635      14.632675
           -1.5      691.30717      17.885925      691.30717      17.885925      691.30717      17.885925
           -1.4      672.54619      17.565385      672.54619      17.565385      672.54619      17.565385
           -1.3      694.43232      13.993523      694.43232      13.993523      694.43232      13.993523
           -1.2      719.72255      15.849707      719.72255      15.849707      719.72255      15.849707
           -1.1      714.54487      17.327723      714.54487      17.327723      714.54487      17.327723
             -1      771.35866      22.006284      771.35866      22.006284      771.35866      22.006284
           -0.9      735.06583      16.081606      735.06583      16.081606      735.06583      16.081606
           -0.8      756.14717      18.841437      756.14717      18.841437      756.14717      18.841437
           -0.7      731.60445      17.663318      731.60445      17.663318      731.60445      17.663318
           -0.6      764.60187      17.677609      764.60187      17.677609      764.60187      17.677609
           -0.5      746.50892      15.413192      746.50892      15.413192      746.50892      15.413192
           -0.4      774.02852      17.490558      774.02852      17.490558      774.02852      17.490558
           -0.3       742.9263      13.586514       742.9263      13.586514       742.9263      13.586514
           -0.2       788.3722      19.164921       788.3722      19.164921       788.3722      19.164921
           -0.1      795.69337      17.910087      795.69337      17.910087      795.69337      17.910087
              0      749.28309      16.797386      749.28309      16.797386      749.28309      16.797386
            0.1      736.36581      14.729522      736.36581      14.729522      736.36581      14.729522
            0.2      766.59673      19.561146      766.59673      19.561146      766.59673      19.561146
            0.3      739.38916      18.212313      739.38916      18.212313      739.38916      18.212313
            0.4      787.91302      19.886256      787.91302      19.886256      787.91302      19.886256
            0.5      764.88082      17.037944      764.88082      17.037944      764.88082      17.037944
            0.6      746.58503      17.767191      746.58503      17.767191      746.58503      17.767191
            0.7       749.9785      17.494349       749.9785      17.494349       749.9785      17.494349
            0.8       724.3241      16.374698       724.3241      16.374698       724.3241      16.374698
            0.9      702.46566      14.070075      702.46566      14.070075      702.46566      14.070075
              1      728.31741      17.298331      728.31741      17.298331      728.31741      17.298331
            1.1        719.494      18.188786        719.494      18.188786        719.494      18.188786
            1.2      702.61799      17.375247      702.61799      17.375247      702.61799      17.375247
            1.3      704.18019      18.107671      704.18019      18.107671      704.18019      18.107671
            1.4      672.98864      17.526095      672.98864      17.526095      672.98864      17.526095
            1.5      640.98765       14.45935      640.98765       14.45935      640.98765       14.45935
            1.6      645.48615       17.02006      645.48615       17.02006      645.48615       17.02006
            1.7      572.88663      13.237668      572.88663      13.237668      572.88663      13.237668
            1.8       576.1203      17.799285       576.1203      17.799285       576.1203      17.799285
            1.9      565.88804      15.857579      565.88804      15.857579      565.88804      15.857579
              2      520.61734      14.691459      520.61734      14.691459      520.61734      14.691459
            2.1      475.65157      16.647729      475.65157      16.647729      475.65157      16.647729
            2.2      431.93176      15.120563      431.93176      15.120563      431.93176      15.120563
            2.3        392.295      12.233335        392.295      12.233335        392.295      12.233335
            2.4      378.71043      13.719848      378.71043      13.719848      378.71043      13.719848
            2.5      323.10158      13.856907      323.10158      13.856907      323.10158      13.856907
            2.6      263.99456      8.6418518      263.99456      8.6418518      263.99456      8.6418518
            2.7      252.49002      14.577109      252.49002      14.577109      252.49002      14.577109
            2.8      205.77774      7.9781316      205.77774      7.9781316      205.77774      7.9781316
            2.9        162.729      7.8701316        162.729      7.8701316        162.729      7.8701316
              3      152.54598       12.05367      152.54598       12.05367      152.54598       12.05367
            3.1      125.19307      8.8863797      125.19307      8.8863797      125.19307      8.8863797
            3.2      81.069651      8.3367588      81.069651      8.3367588      81.069651      8.3367588
            3.3      55.290551       4.036757      55.290551       4.036757      55.290551       4.036757
            3.4      44.773557      4.5543509      44.773557      4.5543509      44.773557      4.5543509
            3.5      40.526307      5.4070241      40.526307      5.4070241      40.526307      5.4070241
            3.6       23.08759      5.3454625       23.08759      5.3454625       23.08759      5.3454625
            3.7      17.674827       3.576663      17.674827       3.576663      17.674827       3.576663
            3.8      10.720704        3.69945      10.720704        3.69945      10.720704        3.69945
            3.9      5.4732166      2.8531258      5.4732166      2.8531258      5.4732166      2.8531258
              4      4.1495069      2.5366783      4.1495069      2.5366783      4.1495069      2.5366783
            4.1     0.26509055     0.16346569     0.26509055     0.16346569     0.26509055     0.16346569
            4.2      3.8918504       2.731798      3.8918504       2.731798      3.8918504       2.731798
            4.3              0              0              0              0              0              0
            4.4     0.16435531     0.13168489     0.16435531     0.13168489     0.16435531     0.13168489
            4.5              0              0              0              0              0              0
            4.6              0              0              0              0              0              0
            4.7              0              0              0              0              0              0
            4.8              0              0              0              0              0              0
            4.9              0              0              0              0              0              0
              5              0              0              0              0              0              0
