# m_Zbb-CMS-2bj        central        num_err    min (scale)        num_err    max (scale)        num_err
# et
            150       1.308072    0.013117269      1.1190763    0.011276945      1.5485914    0.015704171
            200      1.7827912    0.015328157      1.5156279    0.013052149      2.1287569    0.018409132
            250      1.4313743    0.017385786      1.2101509    0.014212557      1.7213683    0.021923088
            300     0.98830675    0.011437476     0.83147565   0.0096397368      1.1956242    0.013930225
            350     0.71365265    0.009859606     0.59835116    0.008272212     0.86747098    0.012076987
            400     0.50840329    0.008351228      0.4232172   0.0069553537     0.62285375    0.010320602
            450     0.36674709   0.0069971432     0.30396239   0.0058157272      0.4513815   0.0086601392
            500     0.23530999   0.0041208372     0.19300245    0.003387483     0.29291815   0.0051551852
            600     0.23530999   0.0041208372     0.19300245    0.003387483     0.29291815   0.0051551852
