#pt_bbZ-mbbZ250        central        num_err    min (scale)        num_err    max (scale)        num_err
              0      1432.2269       1.244887      1221.7454      1.0653744      1699.4491      1.5005458
              5      1229.7887      1.1717945      1045.8069     0.99794131      1465.6152      1.4098528
             10      807.40286     0.97856352       683.8268     0.83302004        967.509      1.1912636
             15      581.39783     0.84386855      490.65586     0.71289205      699.97953      1.0233666
             20      442.74507     0.74356512      372.65537     0.62658397      534.88074     0.90531953
             25      346.73444     0.66329046      291.03637     0.55881963      420.38377     0.81431152
             30      277.58248     0.59641809      232.47975     0.49997583      337.49345     0.73082824
             35      225.92724     0.54036512      188.81685     0.45230712      275.43274     0.66478171
             40      184.58809     0.49022273      153.97645     0.40919908      225.57622     0.60368154
             45      153.17733     0.44743846      127.54489     0.37302625      187.61955     0.55221605
             50      126.90593     0.41384958      105.54564     0.34504882      155.66746     0.51555451
             55      105.80671     0.37397859      87.848381     0.31079526      130.06652     0.46328066
             60      89.826225     0.36032766      74.451599     0.29724643      110.65689     0.44949343
             65      74.938085     0.31605313      62.173235     0.26326129      92.205954     0.39530779
             70      63.487536     0.28973601      52.569315      0.2401801      78.309861     0.35959968
             75      54.054185       0.271875      44.712406     0.22468874      66.757817     0.33868697
             80      45.981376     0.24752032      38.047964     0.20523873      56.763808     0.30839431
             85      39.152738     0.22831045      32.353879     0.18896548      48.414524     0.28471581
             90        33.7146     0.21160787      27.833712     0.17485283      41.739884     0.26377235
             95      28.859742     0.19786362      23.822166     0.16332104      35.735433     0.24711773
            100      25.218922      0.1831958      20.811736     0.15147179      31.235752      0.2284109
            105      21.544805     0.17114958      17.793831      0.1413599      26.661408     0.21390606
            110      18.540938      0.1574809      15.299775     0.13028021        22.9667     0.19693212
            115      16.163325     0.15081451      13.318942     0.12409138      20.057646     0.18877212
            120       13.91937     0.13823587      11.466627     0.11387329      17.278211     0.17296295
            125      12.213776     0.12739645       10.05027     0.10494884      15.181619     0.15931649
            130      10.581533     0.11976083      8.7214162    0.099166125      13.126083     0.15185891
            135      9.2463304      0.1116836       7.625854    0.092179436      11.461387     0.13935537
            140      7.8915857     0.10209635      6.5157668    0.085025753      9.7686966      0.1284567
            145      7.2304327    0.097915294      5.9481321    0.080673267      8.9900969     0.12245476
            150      6.2146893    0.091904245      5.1037411    0.075485813      7.7435349     0.11547211
            155      5.6576544    0.086680752      4.6682142    0.072083623       7.009576     0.10931915
            160      4.8810944    0.080357713       4.016258    0.066183997      6.0681669     0.10059776
            165      4.4243161    0.076448993      3.6320297    0.062922727      5.5148794    0.095738019
            170      3.7990882    0.071138241      3.1290778    0.058686238      4.7171735    0.088794634
            175      3.4445871    0.068034799      2.8315232    0.055983408      4.2871645    0.085157694
            180      3.0864444    0.064053641      2.5442056    0.052969982      3.8287651     0.07994839
            185      2.6660932    0.059587242      2.1948156    0.049181752      3.3122601    0.074484772
            190      2.4557462    0.062127876      2.0144354    0.050675057      3.0636085    0.078403171
            195      2.1328715    0.056949137      1.7514868    0.046414491      2.6576812    0.072115342
            200      1.9657765    0.051048045      1.6173817    0.042079799      2.4440379    0.063740602
            205      1.7148818    0.047724416      1.4089628    0.039295117      2.1354951    0.059820225
            210      1.5743291    0.046701581      1.2940211    0.038398142      1.9594824     0.05846229
            215      1.3320149    0.041939525      1.0939656     0.03450918      1.6595616     0.05249498
            220      1.1941583    0.039696689     0.98320744    0.032746638      1.4831929    0.049709412
            225      1.1616642    0.039226471     0.95065857    0.032164877      1.4533838    0.049332028
            230      1.0010064    0.036377696       0.823994    0.029972373      1.2439636    0.045493155
            235     0.92064643    0.035088326     0.75848223    0.029000713      1.1426937     0.04383388
            240       0.884696    0.035041483      0.7265842    0.028747459      1.1020973    0.044021007
            245       0.733917    0.031112993     0.59932567    0.025466931      0.9204653    0.039168668
            250     0.66701897    0.029949565     0.54704053    0.024601599      0.8322935    0.037528464
            255     0.60887977      0.0285657      0.4976089    0.023368009     0.76284977    0.035994726
            260     0.54657617    0.026898323     0.45065787     0.02220723     0.67767196     0.03365029
            265      0.4892792     0.02550198     0.40524308    0.020994808     0.60334003    0.032296387
            270      0.4387883    0.024056931     0.36008747    0.019803634      0.5472534    0.030152628
            275     0.38849153     0.02290677     0.31945367    0.018869528     0.48324873    0.028626762
            280     0.36323287    0.021944838     0.29722273    0.018018974     0.45444516    0.027608007
            285     0.31697927    0.020417078      0.2602728    0.016814601      0.3950747    0.025553298
            290      0.2894375    0.019689215     0.23864237    0.016229002     0.36003567    0.024691585
            295     0.29174737    0.019652946      0.2377674    0.016053565     0.36679613    0.024797151
            300      0.2446396    0.017936785     0.19896153    0.014626872     0.30913243    0.022816415
            305     0.25688537    0.018399247     0.21060143    0.015125798     0.32074227    0.023070028
            310     0.23855503    0.017825964     0.19394743    0.014518129      0.3007403    0.022571845
            315     0.20320887     0.01951412      0.1663703    0.015745862      0.2541212    0.024931795
            320     0.16252973    0.015555975      0.1344089    0.012857427      0.2007679    0.019326026
            325      0.1957458    0.016217984     0.16149763    0.013402805     0.24246123    0.020213441
            330      0.1617778    0.014586082     0.13323727    0.012049945      0.2012127    0.018275641
            335     0.12790573    0.012990138     0.10547857    0.010737973     0.15862393    0.016173963
            340     0.11714207    0.012416606    0.096948766    0.010305488     0.14468647    0.015400663
            345     0.11179767    0.012125468    0.090962967   0.0098884963       0.140945    0.015391208
            350    0.097329733     0.01131371    0.078881066   0.0092239083      0.1238837    0.014503858
            355      0.0946992    0.011159741    0.077909467   0.0092064259      0.1182487    0.014035574
            360    0.099960267     0.01146555    0.081100867   0.0093550518     0.12712663    0.014684272
            365    0.092068667     0.01100376      0.0759248   0.0091001119     0.11484597    0.013840586
            370    0.068393867   0.0094839757    0.056757134   0.0078946975    0.084173033     0.01172607
            375    0.072339667   0.0097537555    0.059439233   0.0080651528      0.0907218    0.012331984
            380    0.069709133   0.0095747348    0.057024933   0.0078558456      0.0875211    0.012111817
            385    0.057871733    0.008724036    0.048020833   0.0072580578    0.071556767    0.010862052
            390    0.048664867   0.0080000548    0.039866467   0.0065728468    0.061271633    0.010151167
            395    0.052610667   0.0083180193    0.042516666   0.0067608163    0.067225367    0.010706582
            400    0.056556467    0.008624349    0.045339867   0.0069607326      0.0729568    0.011214504
            405    0.044719067   0.0076688732    0.037109133   0.0063891972    0.055389833   0.0095636569
            410    0.046034333    0.007780789      0.0375798   0.0063934888      0.0582057    0.009921076
            415    0.046034333   0.0077808335    0.037085033   0.0063057005      0.0590672    0.010058957
            420    0.040773267   0.0073227051      0.0330018   0.0059599171    0.052014966   0.0094062497
            425      0.0315664   0.0064431154    0.026162733   0.0053816416    0.039287234   0.0081006984
            430    0.024990067   0.0057327977    0.020109667   0.0046360511      0.0320546     0.00740047
            435    0.026305333   0.0058817278    0.020585667   0.0046286596    0.034796433   0.0078282217
            440    0.017098467   0.0050937512      0.0133574   0.0039538639    0.022698267   0.0068759476
            445    0.036827467    0.006959389    0.029668033   0.0056435668    0.047314434    0.009014622
            450    0.017098467   0.0047420243      0.0139184   0.0038929098      0.0217458   0.0060963608
            455    0.021044267   0.0052608036    0.016880767   0.0042548703    0.027246133   0.0068828624
            460       0.019729   0.0050937172      0.0165435   0.0042807885    0.023953166   0.0062047566
            465    0.017098467   0.0047420243      0.0135937   0.0037961257    0.022293467   0.0062315209
            470    0.018413733   0.0049210312      0.0152299   0.0040786474    0.022744367   0.0060969709
            475      0.0157832   0.0045559137      0.0130902   0.0037864494    0.019513867   0.0056821081
            480   0.0065763333   0.0029408786   0.0051910666    0.002334183   0.0085980666   0.0038687764
            485      0.0280194   0.0061264018      0.0221256   0.0048627619      0.0367094   0.0080810085
            490    0.018413733   0.0049210312    0.015162167   0.0040614526    0.022909333     0.00616242
            495   0.0092068667   0.0034796945   0.0074624001   0.0028368566    0.011738033   0.0044749509
            500    0.010522133   0.0037199499   0.0082224667   0.0029221255    0.013929767   0.0049546547
            505    0.010522133   0.0037199499   0.0079049333    0.002822586    0.014650533   0.0052274454
            510      0.0078916   0.0032215711   0.0063276667   0.0025926065      0.0101402   0.0041596323
            515   0.0052610667   0.0026304018   0.0039347334   0.0019824229   0.0073341001   0.0036932257
            520    0.010522133   0.0037199499      0.0084322   0.0030081038    0.013659233   0.0048796644
            525   0.0065763333   0.0029408786   0.0050829667   0.0022878531   0.0088500333   0.0039862524
            530    0.010522133   0.0037199499   0.0082558667   0.0029348733    0.013880033   0.0049388387
            535   0.0065763333   0.0029408786   0.0056972001   0.0025532597   0.0076651667   0.0034409323
            540      0.0078916   0.0032215711   0.0064097001   0.0026306693    0.010057733   0.0041348721
            545      0.0118374   0.0039456027    0.010144267   0.0033891683    0.014019934   0.0046907524
            550   0.0065763333   0.0029408786   0.0053637667   0.0024201963   0.0083179334    0.003760805
            555   0.0065763333   0.0029408786   0.0055078667   0.0024657551   0.0079999999   0.0035838486
            560      0.0039458   0.0022779948   0.0030029001   0.0017444377       0.005392   0.0031329466
            565   0.0026305333    0.001859975   0.0020496333   0.0014563162      0.0035029   0.0024911013
            570   0.0013152667   0.0013152009      0.0010963   0.0010962452      0.0016093   0.0016092195
            575   0.0013152667   0.0013152009   0.0011205001    0.001120444   0.0015664333    0.001566355
            580   0.0052610667   0.0026304018   0.0049189001   0.0024657052      0.0054753   0.0027567706
            585   0.0052610667   0.0026304018   0.0040903334   0.0020595803   0.0070423001   0.0035501817
            590   0.0026305333    0.001859975   0.0022155333   0.0015687058   0.0031773667   0.0022502687
            595      0.0039458   0.0022779948   0.0029870667   0.0017368068   0.0054369333   0.0031623496
            600      0.0039458   0.0022779948      0.0031709   0.0018383225      0.0050683   0.0029423061
            605      0.0039458   0.0022779948   0.0031851667   0.0018492897   0.0050468667   0.0029351608
            610   0.0052610667   0.0026304018   0.0041014999   0.0020625713   0.0070077334   0.0035274679
            615      0.0039458   0.0022779948   0.0032187333    0.001870005   0.0050075333   0.0029170445
            620      0.0039458   0.0022779948      0.0031038   0.0018034014      0.0052129   0.0030350794
            625   0.0026305333    0.001859975   0.0020857666   0.0014838472   0.0034223333   0.0024393686
            630   0.0013152667   0.0013152009  0.00091353333  0.00091348767      0.0019624    0.001962302
            635   0.0013152667   0.0013152009      0.0011033   0.0011032448   0.0015968333   0.0015967534
            640      0.0039458   0.0022779948   0.0031329666   0.0018170733   0.0051466001   0.0029900761
            645              0              0              0              0              0              0
            650   0.0013152667   0.0013152009   0.0011414666   0.0011414096   0.0015278333   0.0015277569
            655   0.0013152667   0.0013152009   0.0009124333  0.00091238768      0.0019602    0.001960102
            660              0              0              0              0              0              0
            665   0.0026305333    0.001859975   0.0019906667   0.0014156786   0.0036256667   0.0025811523
            670              0              0              0              0              0              0
            675              0              0              0              0              0              0
            680   0.0013152667   0.0013152009   0.0011285666   0.0011285102   0.0015496667   0.0015495892
            685   0.0013152667   0.0013152009      0.0011704   0.0011703415      0.0014962   0.0014961252
            690   0.0013152667   0.0013152009      0.0010589   0.0010588471      0.0016751   0.0016750162
            695   0.0013152667   0.0013152009   0.0011571667   0.0011571088   0.0015015667   0.0015014916
            700              0              0              0              0              0              0
            705              0              0              0              0              0              0
            710   0.0013152667   0.0013152009   0.0011446333   0.0011445761   0.0015230334   0.0015229573
            715              0              0              0              0              0              0
            720              0              0              0              0              0              0
            725              0              0              0              0              0              0
            730   0.0026305333    0.001859975       0.002294   0.0016230244   0.0030371333   0.0021498227
            735              0              0              0              0              0              0
            740              0              0              0              0              0              0
            745   0.0013152667   0.0013152009   0.0012031334   0.0012030732   0.0014349333   0.0014348616
            750              0              0              0              0              0              0
            755              0              0              0              0              0              0
            760   0.0013152667   0.0013152009  0.00090166663  0.00090162155   0.0019893333   0.0019892338
            765              0              0              0              0              0              0
            770              0              0              0              0              0              0
            775   0.0013152667   0.0013152009  0.00088490003  0.00088485578       0.002034   0.0020338983
            780              0              0              0              0              0              0
            785   0.0013152667   0.0013152009      0.0010623   0.0010622469   0.0016705667   0.0016704832
            790              0              0              0              0              0              0
            795              0              0              0              0              0              0
            800              0              0              0              0              0              0
            805              0              0              0              0              0              0
            810              0              0              0              0              0              0
            815   0.0026305333    0.001859975   0.0021408667   0.0015140416   0.0033131334   0.0023432557
            820              0              0              0              0              0              0
            825              0              0              0              0              0              0
            830              0              0              0              0              0              0
            835              0              0              0              0              0              0
            840              0              0              0              0              0              0
            845              0              0              0              0              0              0
            850              0              0              0              0              0              0
            855   0.0013152667   0.0013152009  0.00085326665  0.00085322398   0.0021198333   0.0021197273
            860              0              0              0              0              0              0
            865              0              0              0              0              0              0
            870              0              0              0              0              0              0
            875   0.0013152667   0.0013152009       0.001073   0.0010729463   0.0016512666    0.001651184
            880              0              0              0              0              0              0
            885              0              0              0              0              0              0
            890              0              0              0              0              0              0
            895              0              0              0              0              0              0
            900              0              0              0              0              0              0
            905              0              0              0              0              0              0
            910              0              0              0              0              0              0
            915              0              0              0              0              0              0
            920              0              0              0              0              0              0
            925              0              0              0              0              0              0
            930              0              0              0              0              0              0
            935              0              0              0              0              0              0
            940              0              0              0              0              0              0
            945              0              0              0              0              0              0
            950              0              0              0              0              0              0
            955              0              0              0              0              0              0
            960              0              0              0              0              0              0
            965              0              0              0              0              0              0
            970              0              0              0              0              0              0
            975              0              0              0              0              0              0
            980              0              0              0              0              0              0
            985              0              0              0              0              0              0
            990              0              0              0              0              0              0
            995              0              0              0              0              0              0
           1000              0              0              0              0              0              0
