#         pt_bx        central        num_err    min (scale)        num_err    max (scale)        num_err
              0        1575.16      1.3064593      1320.4151      1.0987595      1911.3647      1.6104829
              5      2028.8602      1.4239382      1702.8565      1.1968894      2458.2805      1.7470335
             10      1330.9841      1.2145058      1118.0699      1.0217169      1611.1045      1.4846494
             15      838.79498     0.99814395      704.74589     0.84053615       1015.181      1.2205318
             20      547.07268     0.82198964      459.45771      0.6913208      662.50903      1.0036882
             25      371.72759     0.68590031      311.97608      0.5784483      450.58186     0.84347449
             30      261.47233     0.57862816      219.30533     0.48610106      317.20765     0.70730898
             35      189.31913     0.49596014      158.64719     0.41615564      229.93632     0.60704566
             40      141.29294     0.43091775      118.30869     0.36126545      171.77978      0.5284555
             45       107.5704     0.37586039      89.949865     0.31490771      131.00157     0.46180124
             50       82.53564     0.32900003      68.994521     0.27557423      100.55181     0.40394401
             55      65.408567     0.29394782      54.635487      0.2459374       79.76142     0.36142187
             60      52.287012     0.26477004      43.613943     0.22085339      63.870389     0.32590024
             65      42.293139     0.23902595      35.247576     0.19920133      51.713648     0.29471221
             70      34.726412     0.21603579       28.95676     0.18030075      42.436344     0.26661343
             75      28.415362     0.21850839      23.655122     0.17912766      34.790947     0.27440131
             80       23.55227      0.1773857      19.595558     0.14797089      28.882495     0.21920024
             85      19.963702       0.162894      16.571251     0.13556199      24.546077     0.20184605
             90      16.659794     0.14914411      13.799086     0.12382863      20.532579     0.18516776
             95      14.614947     0.13972643      12.079693     0.11572005      18.053214     0.17400337
            100      12.241159     0.12789057      10.095179     0.10560462      15.158866      0.1598908
            105      10.513452     0.11941875      8.6481005    0.098316144      13.055702     0.14970406
            110      9.0596893     0.10968119      7.4283902    0.090233612      11.289895     0.13760926
            115      7.8755679     0.10225018      6.4521827    0.083993794      9.8226246     0.12843437
            120      6.7919603    0.099520144      5.5575504    0.081366473      8.4831493     0.12553375
            125      5.9924688     0.09017531       4.901872    0.073983934       7.488769     0.11435608
            130      5.3997993    0.085486379      4.3997072    0.069874924      6.7750425      0.1080312
            135      4.5892686    0.077922979      3.7468377     0.06384609      5.7453603    0.098240664
            140       4.270147    0.075435712      3.4620294    0.061314696       5.386943    0.095791263
            145      3.5847035    0.068803153      2.9074255    0.055993864      4.5202733    0.087398422
            150      3.1949459    0.065154103      2.5888056     0.05296833      4.0339138    0.082795379
            155      3.0258595    0.063348886      2.4506236    0.051448031       3.822097     0.08068024
            160      2.6166581    0.062596124      2.1199061    0.050723585      3.3039545    0.079854708
            165      2.3385872    0.055731591      1.8773386    0.044894801      2.9821367    0.071489743
            170      2.1006076    0.053616653      1.6935258    0.043366486       2.666006    0.069302878
            175      1.9367863    0.053171806      1.5614082    0.042871745      2.4584184     0.06817605
            180      1.7650235    0.048407495      1.4212214    0.039147385      2.2434408    0.061932165
            185      1.5903573    0.047488481       1.283559     0.03842388      2.0180394    0.061592772
            190      1.3976591    0.043020832      1.1293866    0.034906911      1.7697872    0.054824384
            195      1.3877902    0.042831382      1.1143078    0.034529229      1.7692795    0.054879615
            200      1.1951469    0.039704735       0.955771    0.031872782      1.5302106    0.051126216
            205      1.1027555      0.0382651      0.8820931    0.030726839      1.4116657    0.049279087
            210      0.9537961    0.035654018     0.76781783      0.0289395      1.2128738    0.046030141
            215     0.89831767    0.034999392      0.7160264    0.027957207      1.1543257    0.045288715
            220     0.81002333    0.032836639     0.65037573    0.026444267      1.0329258    0.042249348
            225     0.76243317    0.031744731     0.60756757    0.025392631     0.97994733    0.041023935
            230        0.63213     0.02885383      0.5121847    0.023534711     0.79784753    0.036716684
            235      0.6292421    0.028842171     0.50118347     0.02306899     0.80944813    0.037315092
            240      0.5568176    0.027858986     0.44290627    0.022180186     0.71727492    0.036227713
            245     0.50769293    0.025972358      0.4076677    0.020908469     0.64737687    0.033405862
            250      0.5174263    0.026169391      0.4119597    0.020930909     0.66581083    0.033904313
            255     0.43666853    0.024107414     0.35022773    0.019401155     0.55761593    0.031026874
            260     0.41685207    0.023699994     0.33001133    0.018704517      0.5395611    0.031081208
            265     0.37410237    0.022204457     0.29673527    0.017690882     0.48337147    0.028839419
            270      0.3493101    0.021550376      0.2757778    0.017043612      0.4537479    0.028231979
            275      0.3527283    0.021878868      0.2789786    0.017294127     0.45710143    0.028659254
            280     0.31070263    0.020311218     0.24694983    0.016198732     0.40050113    0.026360987
            285     0.28541287    0.019551522     0.22657303    0.015507103      0.3684101    0.025556119
            290      0.2686854    0.018814143      0.2123744    0.014940995      0.3484084    0.024526515
            295      0.2556604    0.018360922     0.20047013    0.014457815     0.33433353    0.024121591
            300     0.25655993    0.018371614     0.20404093    0.014715012     0.33057315    0.023860469
            305      0.2048832    0.017003257      0.1617865    0.013428087     0.26587837    0.022234553
            310      0.2254917    0.017676483     0.17885077    0.014021822      0.2913244    0.023100108
            315     0.21877457    0.017086368     0.17176493    0.013453082     0.28590173    0.022478347
            320     0.15914727    0.014467078     0.12619943    0.011528205     0.20554067    0.018791726
            325     0.15660047    0.014354956     0.12289557    0.011314682       0.204733    0.018857778
            330     0.15520147    0.014286618      0.1212944    0.011214418     0.20380163    0.018851699
            335     0.14073353    0.013604391      0.1111709    0.010800996     0.18259937    0.017753324
            340     0.13678773    0.013540733      0.1074216    0.010650325     0.17861803    0.017825847
            345     0.13152667    0.013151851       0.103979     0.01044946     0.17043693    0.017140493
            350     0.10916713    0.011982007    0.085851899   0.0094641559     0.14233623    0.015699618
            355     0.13821793    0.014268839     0.10955913    0.011349388     0.17854523    0.018504141
            360     0.11433213    0.012763407    0.090916799    0.010176356     0.14722137    0.016554432
            365     0.11311293    0.012337622    0.088061766   0.0096256892      0.1489975     0.01634299
            370      0.0868076    0.010845377    0.069798566   0.0087094023     0.11051253    0.014002786
            375       0.078916    0.010355902    0.061153267   0.0080055729     0.10445123     0.01384228
            380    0.089438133    0.010845345       0.071013   0.0086581509      0.1154702    0.014092592
            385    0.077968133    0.010156579    0.060939233   0.0079716711      0.1022098    0.013378654
            390    0.068497867   0.0094990102    0.053199333   0.0074050795      0.0904031     0.01259012
            395    0.073654933   0.0098420272    0.057328267    0.007691929      0.0971238    0.013036723
            400    0.053044433   0.0083975707      0.0421039   0.0066916037    0.068480133    0.010898301
            405    0.061817533   0.0090165439    0.048862766    0.007181974    0.080206933    0.011804352
            410      0.0552412   0.0085234557       0.043535   0.0067586323    0.071883367    0.011168778
            415    0.056556467    0.008624349    0.044316034   0.0067969583    0.074061966    0.011368206
            420    0.052610667   0.0083180401    0.041666833   0.0066231478      0.0681359    0.010840405
            425      0.0473496   0.0078911835    0.036670867   0.0061420235    0.062833067    0.010528927
            430    0.038142733   0.0070825736    0.029358933   0.0054756247    0.050886067    0.009493008
            435    0.030251133   0.0063074819    0.023737567   0.0049701079      0.0395655   0.0082880586
            440    0.046034333   0.0077807668    0.036245533   0.0061527122    0.059922367    0.010176946
            445    0.048664867   0.0080000115    0.038097367     0.00628981    0.063703067    0.010522872
            450    0.038142733   0.0070825248    0.030207867   0.0056357275    0.049350133   0.0092142523
            455    0.044719067   0.0076688506      0.0344389   0.0059329936    0.059562967    0.010265269
            460    0.024990067   0.0057328278    0.019478167   0.0044928719    0.032922567   0.0075968475
            465    0.030251133   0.0065760045    0.024033933   0.0051846965      0.0390284   0.0086572744
            470    0.024990067   0.0057328278    0.020112133   0.0046355757    0.031763133   0.0073307743
            475      0.0236748   0.0055799249    0.017852967   0.0042238576    0.032287967   0.0076375454
            480    0.024990067   0.0057327977      0.0194215   0.0044744507    0.032988033   0.0076031671
            485    0.030251133   0.0063074819    0.023415433   0.0049027446    0.040104033    0.008399957
            490      0.0326796   0.0078686558    0.024326267   0.0059024776      0.0450275    0.010767969
            495      0.0315664   0.0064431422    0.024234467   0.0049682449    0.042264067   0.0086698102
            500      0.0315664   0.0064431422    0.024234467   0.0049682449    0.042264067   0.0086698102
