#    pt_em-zoom        central        num_err    min (scale)        num_err    max (scale)        num_err
              0       16.95378      0.3349848      14.184152     0.28057639      20.629375     0.40954801
              1      50.427142      0.5788876      42.218095     0.48511225      61.288006     0.70876614
              2      83.486402     0.74409239      69.761821     0.62242032      101.72078     0.91180135
              3      117.16954     0.88119965      98.031208     0.73797843      142.54113      1.0789038
              4      147.58497     0.99204124      123.48507     0.83042183      179.53193      1.2138631
              5      183.70102       1.133229      153.72683     0.94574921       223.3913      1.3958636
              6      215.18597      1.2143679      180.05754      1.0144935      261.71774      1.4904996
              7      251.12202      1.2907201      210.28463      1.0815327      305.13635      1.5801282
              8      287.77879      1.3766827      240.75295      1.1526908      350.11329      1.6865596
              9      323.47939      1.4611626      270.68979      1.2238322        393.417       1.791631
             10      360.06949      1.5380233      301.57024      1.2968849      437.41556      1.9034059
             11      395.36177      1.6165212      330.86524      1.3532783      480.79611      1.9802031
             12      433.94981      1.6967107      363.21289       1.421236      527.59229      2.0809095
             13      473.30955      1.7735212      396.15701      1.4841871      575.47951      2.1731223
             14      507.48873      1.8261263      424.77944      1.5331592      616.99596       2.247452
             15      547.97417      1.9144194      458.58263      1.6015158      666.38543      2.3477086
             16      582.50005      1.9528835      487.58742      1.6367936      708.16644      2.3953756
             17      627.44519      2.0336517      525.22211      1.7032182      762.79166      2.4923546
             18      668.11358      2.0920984      559.20258      1.7526417      812.32996      2.5617547
             19      700.34422      2.1377649      586.41249      1.8046407      851.10157      2.6482537
             20      740.46063      2.1974312      620.21014      1.8422846      899.46293      2.6896167
             21      783.40387       2.270983       656.2592      1.9054523      951.50642      2.7846267
             22      819.62897      2.3101394       686.9946      1.9381411      994.78238      2.8228296
             23       856.4158        2.37388      717.93885      1.9900336      1039.2128      2.9067017
             24      893.17447      2.4119184      748.67396      2.0228538      1083.9965      2.9464663
             25      930.00951      2.4616996       780.3295      2.0997434      1127.2152      3.0963872
             26       963.4179      2.5011347      807.72211      2.0978104      1168.9225       3.056031
             27      994.68076      2.5410795      834.38216      2.1332694      1206.0079      3.1063726
             28      1023.6074       2.574688      858.50224      2.1602061      1241.3653      3.1426499
             29      1049.1868      2.6056733      880.37103      2.1882941      1271.5924      3.1806148
             30       1072.421      2.6350667      899.99968      2.2131088      1299.5518      3.2137967
             31      1087.6726      2.6527227      912.77955      2.2283721      1318.0379      3.2380479
             32      1099.0876      2.6678103      922.51148      2.2435429       1331.594      3.2642661
             33      1111.9282      2.6808643      933.36953      2.2538473       1347.032      3.2760264
             34      1121.3251       2.689294      941.20971      2.2587793      1358.5142      3.2809567
             35      1110.2193      2.6789574      931.82032      2.2568645      1345.1621      3.2874728
             36      1095.8046       2.671234      920.19627      2.2441186      1326.8314      3.2626381
             37      1066.0013      2.6265475      895.04768      2.2094911      1290.9975       3.208672
             38      1025.4076      2.5830225      861.47372      2.1838411      1240.8753      3.1899327
             39      977.82177      2.5221704      820.95638      2.1185122      1184.3281      3.0770381
             40      920.28384      2.4428819      772.79001      2.0524669      1114.4214      2.9780076
             41      855.49391      2.3611835      718.41727      1.9839167      1035.8993      2.8824281
             42      795.34246      2.2787683      668.14871      1.9178677      962.65251      2.7873316
             43      726.38752      2.1770404      610.42512      1.8301727      878.83959      2.6551387
             44      665.65965      2.0867428      559.33962      1.7550889      805.48589      2.5451313
             45      605.64425      1.9862707       508.8651      1.6709079      732.97246      2.4193586
             46      555.24396      1.9040065      466.63137      1.6022404      671.78292      2.3202484
             47      502.73753      1.8363769      422.62115      1.5520505      608.04934      2.2513888
             48      457.86213      1.7307269      384.89571       1.457884      553.80565      2.1140618
             49      422.48414      1.6648456      355.10453      1.4006034       511.1033      2.0276169
             50      387.00392      1.5951812      325.16123      1.3409595      468.41265      1.9448077
             51      353.79066      1.5236617      297.54529      1.2843442      427.70842      1.8604054
             52      325.83564      1.5475943      273.92994      1.3154203      394.08681      1.9658165
             53      300.72369      1.4174625      252.65935      1.1901246      364.04041      1.7296952
             54       276.4251      1.3483455      232.28965      1.1341666      334.54507      1.6422845
             55      253.79333      1.2954147       213.2696      1.0890075      307.16121      1.5797234
             56      234.92184      1.2461424      197.49565      1.0488911      284.17594        1.51883
             57      219.65278      1.2027638      184.42705      1.0111015      266.13898      1.4654878
             58      203.87757      1.1621132      171.14543      0.9763011      247.09241      1.4189669
             59      189.99315      1.1253425      159.60658      0.9454639      230.06573      1.3746493
             60      177.10024      1.0847548      148.76297     0.91395447      214.47026       1.327496
             61       163.5129      1.0409897      137.22927     0.87423731      198.24232      1.2703784
             62      153.54883      1.0052995      128.94484     0.84498773      186.02718      1.2268659
             63      142.81169      0.9751219      119.90513     0.81858399      173.05956      1.1920265
             64      135.04257     0.95134774      113.31256     0.79817877      163.77907      1.1628545
             65      125.17825     0.91114076      104.95829     0.76450878      151.95113      1.1133709
             66      117.87189     0.88207266      98.886544     0.74153924      142.98745       1.076508
             67       110.3493     0.85636597      92.569669     0.71858915      133.88582       1.046776
             68       104.4782      0.8314247      87.518475     0.69713623      126.98693      1.0171755
             69       98.98375     0.81402019      83.123651     0.68357932      119.93726     0.99522186
             70      92.356584     0.80450954      77.423823     0.67261052      112.14564     0.98784884
             71       85.99244      0.7589907      72.084578     0.63638705      104.42484     0.92828825
             72      82.090662     0.73713392      68.821524     0.61878714      99.686224     0.90143109
             73      77.960692     0.72431405      65.380062     0.60778123      94.628709     0.89024926
             74      73.161604      0.7078372      61.322043     0.59242271      88.868099     0.86752734
             75      68.722833     0.68965659      57.532149     0.57587093      83.599405     0.84834647
             76      65.161102     0.65650792      54.541026       0.550024      79.292604     0.80413354
             77      61.987635     0.81785943       51.89513     0.66376716      75.412405      1.0386056
             78      58.972962     0.64025354       49.38695      0.5350285      71.720121     0.78769498
             79      55.201945     0.60716096      46.246277     0.50908867      67.102555     0.74314645
             80      51.919228     0.58604302      43.443604     0.49113261      63.202213      0.7175044
             81      49.553951     0.57524303       41.50627     0.48262194      60.250538     0.70522796
             82      47.171469     0.55922092      39.391572     0.46745503      57.570508     0.68691717
             83      44.809214     0.54442472      37.521357     0.45644003      54.505909     0.66695861
             84      43.035011     0.53352933      35.966988     0.44673948      52.471665     0.65370539
             85      40.632374     0.53894912      33.977149     0.44881004      49.508976     0.66528602
             86      38.962505     0.50822926      32.548744     0.42536251       47.52876      0.6233036
             87      36.538704     0.49356432      30.548556     0.41324031      44.530405     0.60604385
             88      34.296776     0.47726828      28.708152     0.40015218      41.733137     0.58461122
             89      33.564463     0.50562211      28.054031      0.4198746      40.919674     0.62549591
             90      31.869893     0.45850511      26.612618      0.3836304      38.898556     0.56220346
             91      30.934873     0.45279182      25.870061     0.37932246      37.692195      0.5557392
             92      29.941459     0.44922776      25.004884     0.37550635       36.54266     0.55222403
             93      28.339913     0.43808486      23.703236      0.3663642      34.522543      0.5379989
             94      26.245447     0.41760798      21.947257     0.34961949      31.980703     0.51244925
             95      24.637283     0.40343382      20.568206     0.33741142      30.085529     0.49575094
             96      24.089261     0.40260327      20.101842     0.33648562      29.427944      0.4955769
             97       23.09782     0.39056985      19.330918     0.32735898      28.117861     0.47847479
             98      22.408733     0.38515709       18.72241     0.32221828      27.338783     0.47273474
             99      21.307377     0.37496467       17.80381     0.31393414      25.988646     0.45981871
            100      21.307377     0.37496467       17.80381     0.31393414      25.988646     0.45981871
