#         pt_j1        central        num_err    min (scale)        num_err    max (scale)        num_err
              0      1241.7236      1.1825055      1058.1349      1.0105409      1475.4665      1.4274069
              5      1245.8541      1.1821347      1056.5249      1.0036565      1490.0309      1.4278143
             10      879.45525      1.0192947      741.50953     0.86345934      1059.7148       1.247079
             15      660.80837     0.89633774      554.50615     0.75300961      801.08187      1.0946901
             20      518.59418     0.80156302       433.5735     0.67095289      631.55268     0.98338268
             25      415.58894     0.72328523      346.31928     0.60486187         508.16     0.89441614
             30      338.97759     0.65694087       281.7455     0.54658565      415.80435     0.81178131
             35      280.67976     0.60125179      232.74447     0.49927891      345.28002     0.74575526
             40      233.26395     0.55007163      193.03626     0.45561799      287.65566     0.68325966
             45      195.96207     0.50553368       161.8671     0.41807752      242.19931     0.62910251
             50      164.93761     0.46890955      136.03619     0.38772753      204.21482     0.58785922
             55      139.79572     0.42939387      115.09211     0.35386897      173.46424     0.53637394
             60      119.92896     0.41100092      98.581392     0.33685733      149.08943     0.51604964
             65      101.35311     0.36870078       83.34583     0.30405648      125.93182     0.46437254
             70       87.39252     0.34140848      71.719604     0.28038766      108.84787      0.4276874
             75      75.087822     0.31850164      61.567874     0.26110297      93.618552     0.39994011
             80      65.187115     0.29472854       53.46506     0.24213347      81.242762     0.37006334
             85      56.561992     0.27581308      46.328235     0.22608471      70.605997     0.34695017
             90      49.206597     0.25517927      40.265049     0.20903061      61.494451     0.32071709
             95      42.883959     0.24072941      35.088258       0.197013      53.596559     0.30296548
            100       38.02054     0.23070945      31.093783     0.18943549      47.543119     0.28921799
            105      32.894849     0.21145693      26.915062     0.17305559      41.109719      0.2662894
            110      29.108605     0.19699785      23.791045     0.16135121       36.42198     0.24830205
            115      25.742286     0.18840465      21.028224     0.15389935      32.232245     0.23736043
            120      22.604379     0.17525562       18.44928     0.14311352      28.329669     0.22094834
            125      20.129083     0.16479089      16.418577     0.13448383      25.245283     0.20783276
            130      17.813186      0.1587521      14.539464     0.12972373      22.320704     0.20210604
            135       15.75337     0.14550642      12.862568     0.11892044        19.7323        0.18321
            140      13.712673     0.13551879      11.198372     0.11126047      17.170963     0.17151003
            145      12.700576     0.13165179      10.358567     0.10734179      15.928788     0.16620161
            150      11.278712     0.12308125      9.1937324     0.10042895      14.173283      0.1556981
            155      10.402131     0.11740653      8.4948271     0.09635268      13.050867     0.14899919
            160      9.0877243     0.10984503      7.3965803     0.08966596      11.445679     0.13928956
            165      8.3681541     0.10521283      6.7991939    0.085816382      10.560632     0.13355722
            170      7.4106595    0.099322993       6.026744    0.081083948      9.3430456     0.12595644
            175      6.7790727    0.095566628      5.5001942    0.077803761      8.5685058     0.12156611
            180      6.1402023    0.090302335       4.988161    0.073661243      7.7523614      0.1147151
            185      5.5048127    0.085749457      4.4591272    0.069727904      6.9713764     0.10926391
            190      5.1273921    0.086316527      4.1420679    0.069778248      6.5120853     0.11044521
            195      4.5628958    0.080500297      3.6864836    0.065186178      5.7951169     0.10291445
            200       4.312152    0.081028934      3.4826051    0.065498632      5.4789852     0.10361891
            205      3.9384971    0.072199373      3.1723091    0.058406426      5.0198782    0.092595972
            210      3.5440021    0.069321717      2.8543875    0.055991745      4.5173937    0.088945994
            215       3.212464    0.066310455      2.5940623    0.053685087      4.0823093    0.084884355
            220      2.9510339     0.06306796      2.3742015    0.050904318      3.7659533    0.081015962
            225      2.7801506    0.060681773      2.2271478    0.048794729      3.5637534    0.078234728
            230       2.502261    0.057519543       2.007632    0.046349189      3.2029925    0.074028617
            235      2.3248553    0.056481378      1.8662643      0.0454971      2.9748619    0.072768531
            240      2.1647498     0.05405062      1.7386716    0.043551356      2.7680686    0.069555679
            245       1.910472    0.053270063      1.5280874    0.042714941       2.453539    0.068773137
            250      1.7602874    0.048319133      1.4099319    0.038873748      2.2570124    0.062297005
            255      1.6340138    0.046654947      1.3051316    0.037417574       2.101973    0.060362863
            260       1.499844    0.044688024      1.2087897     0.03617922       1.911653    0.057351436
            265      1.4344041    0.046590153      1.1432078    0.036960024      1.8499312    0.060977379
            270      1.3187329     0.04196888      1.0568044    0.033749032      1.6906958    0.054183361
            275      1.1763249    0.039836523     0.93886483    0.031911761        1.51484    0.051626554
            280      1.1120015    0.038297782     0.88576183    0.030649393      1.4349047    0.049684771
            285     0.98265627    0.036035909     0.78457563     0.02890437      1.2648473    0.046642459
            290     0.93865413    0.035256091     0.74596723    0.028142103      1.2145322    0.045878314
            295      0.8858815    0.034513738     0.70472287     0.02754086      1.1451587    0.044925958
            300      0.8692634    0.034136653     0.69341873     0.02734455      1.1203186    0.044261308
            305     0.81090017    0.032779044     0.64359323     0.02615479      1.0506725    0.042724807
            310       0.741135     0.03184249     0.58897633    0.025418144     0.95904872    0.041460186
            315      0.6934386    0.032990991     0.55050303    0.026229444      0.8981027    0.042981813
            320      0.6169522    0.033039298     0.48928774    0.026080051     0.80026273    0.043319086
            325     0.64110487    0.029160896      0.5084766    0.023239173     0.83158787     0.03804269
            330     0.58118733     0.02778609     0.46130613    0.022159271     0.75328483    0.036225713
            335     0.62160653      0.1049441      0.4888553    0.083185166     0.81211009     0.13508356
            340      0.5091577    0.026174166     0.40216707    0.020766416     0.66309677    0.034273939
            345     0.43332343     0.02389554      0.3410623    0.018893567      0.5666607     0.03141066
            350      0.4064174    0.023118598     0.32234107    0.018425565      0.5270703    0.030145584
            355     0.35775253    0.021690235     0.28409413    0.017314307     0.46350087    0.028265923
            360     0.37242257    0.022215368      0.2943412    0.017616931      0.4852887    0.029179991
            365       0.351441    0.021507914      0.2754467    0.016940134       0.461732    0.028405138
            370     0.31434873    0.020332087     0.24937957     0.01621692     0.40764103    0.026528465
            375     0.30645713    0.020075309      0.2397925    0.015786249        0.40322    0.026552958
            380     0.29287577    0.021398905     0.22803707    0.016685905     0.38730587    0.028435326
            385      0.2762546     0.02607371     0.21772063    0.020308391     0.36052067    0.034494218
            390      0.2328022    0.017497373     0.18071953    0.013646647     0.30901447    0.023339363
            395     0.23285103     0.01759968     0.18176257    0.013739845     0.30738237    0.023519272
            400      0.2683144    0.018784458     0.21068927    0.014833501      0.3519213     0.02478984
            405      0.2070854    0.016640953     0.16588418     0.01326063     0.26573737    0.021889013
            410     0.17157593    0.015204996     0.13458437    0.011985601      0.2252462    0.020059971
            415     0.22359533    0.017248488     0.17454753    0.013522178     0.29504827    0.022890085
            420      0.2040404    0.016388828     0.15832447    0.012774355     0.27081967    0.021855739
            425     0.17877733    0.015409587      0.1424681    0.012348893      0.2309029    0.020033291
            430     0.16440833     0.01470417     0.12717327    0.011429772     0.21909423    0.019695371
            435     0.13583873    0.013388713      0.1059302    0.010485701     0.17933537    0.017758918
            440     0.15257093    0.014286642      0.1182083    0.011098751     0.20280747    0.019098345
            445     0.14651173     0.01403348     0.11535127    0.011091827     0.19174593    0.018505297
            450     0.11574347    0.012337636    0.090525767   0.0097149656     0.15263697    0.016386381
            455     0.11179767    0.012125496      0.0873353   0.0095295081     0.14758757    0.016111013
            460      0.1188043    0.012711542    0.092396999   0.0099330672      0.1572629    0.016903509
            465     0.12363507    0.012751237    0.095712067   0.0099290208      0.1646064    0.017083164
            470      0.1025908     0.01161548    0.081645967   0.0092977067     0.13278583    0.015133684
            475      0.1144282    0.012267279    0.090799567   0.0097924494      0.1485208    0.016029687
            480     0.10916713    0.011981964    0.084919767   0.0093673577      0.1445431    0.015948427
            485     0.10178927    0.012505054    0.080076566   0.0098903172      0.1333367    0.016428017
            490    0.096014467    0.011237035      0.0749162   0.0088148085      0.1269428    0.014939506
            495    0.073654933   0.0098420448    0.057683133   0.0077553382    0.096946733    0.013043733
            500    0.073654933   0.0098420448    0.057683133   0.0077553382    0.096946733    0.013043733
