#   y_bbZ-ptj30        central        num_err    min (scale)        num_err    max (scale)        num_err
             -5              0              0              0              0              0              0
           -4.9              0              0              0              0              0              0
           -4.8              0              0              0              0              0              0
           -4.7     0.46034333     0.17398473     0.38146001     0.14418908     0.56734334      0.2144693
           -4.6      1.0522133     0.26304018     0.88778334     0.22206646      1.2663333     0.31690967
           -4.5      2.4332433     0.40000166      2.0508967     0.33744069      2.9329417     0.48289456
           -4.4      5.7214767     0.61337461        4.78274     0.51318545      6.9743883      0.7488383
           -4.3      14.336407     0.97091762      12.048248     0.81729436      17.349445      1.1783073
           -4.2      27.160257      1.3460296      22.899913      1.1304609      32.729998      1.6380118
           -4.1      43.474252       1.690782      36.654652       1.427304      52.386438      2.0418224
             -4       76.05746      2.2405958      64.383595      1.8969332      91.180993      2.7098187
           -3.9      112.96528      2.7321903      95.113058      2.2993631      136.39418      3.3204252
           -3.8      160.28987      3.2485341      135.00174      2.7404124      193.47047      3.9341883
           -3.7      215.36664      3.8059663      181.56743      3.2290413       259.6781      4.7550841
           -3.6        283.578      4.3233804      238.35849      3.6373462      343.17516      5.2541004
           -3.5      367.86587      4.9719336      308.87752      4.1724876      445.82554      6.0657156
           -3.4      454.94211      5.5030083      383.44569      4.8575333      548.69442      7.1887532
           -3.3      546.94562      6.0786321      458.18381      5.0852857      664.81923      7.4465833
           -3.2       637.7603      6.5102061       534.9685      5.4744668      773.88748      7.9909007
           -3.1       741.9201      7.0107607      620.94062      5.8904156      902.88718       8.675664
             -3      843.11321      7.5202402      704.21784      6.2774611      1028.5461      9.2601477
           -2.9      943.49323      7.8963757      787.09975      6.5913107      1152.7791      9.7349824
           -2.8      1037.3077      8.3016573      863.86894      6.9170944      1270.0791      10.229086
           -2.7      1140.9541      8.6975475      948.83864      7.2401666      1399.4293      10.735122
           -2.6      1225.5718      9.0602536      1017.4676      7.5247456      1506.2565      11.220427
           -2.5      1322.5314      9.5173195      1096.5926      7.8804858      1627.8168      11.818067
           -2.4      1432.1261      10.066702      1186.7846      8.3158298       1763.723      12.538968
           -2.3      1501.4153       9.961703      1242.9843      8.2575361       1851.263       12.37897
           -2.2      1600.2237      10.338751      1322.2085      8.5464602      1977.6609      12.869447
           -2.1      1641.5738      10.447498      1355.2116      8.6416514      2030.7015      13.017112
             -2      1725.1817      10.786413      1422.2298      8.8952661      2137.6057      13.445536
           -1.9      1785.6146      11.060427      1470.3972      9.1010267      2215.3078      13.843472
           -1.8      1847.9983      11.097412      1521.8525      9.1509025      2292.2536      13.862374
           -1.7      1892.7251      11.316228      1557.9036       9.331088      2349.1838      14.187595
           -1.6       1934.493      11.414852      1591.6235      9.3940808      2401.9348      14.279547
           -1.5      1979.3943      11.425582      1627.4397      9.4098914       2459.617      14.293768
           -1.4      2019.1406      12.854565      1658.0943      10.441929      2512.5868      16.297275
           -1.3      2031.2883      11.658719      1668.8989      9.5909941      2525.9984      14.593466
           -1.2      2073.7609      11.734332      1702.6712      9.6509216      2580.8124      14.687589
           -1.1      2095.2725      12.832413      1720.2758      10.457161      2607.5322      16.236365
             -1       2136.719      12.184873       1753.524      9.9833269      2660.3642      15.318264
           -0.9      2142.2113      11.982878        1757.88      9.8364005      2667.4712      15.016379
           -0.8      2170.7762      12.044214      1780.0109      9.8838479      2705.3804      15.138101
           -0.7      2183.9422      12.011674      1790.1514      9.8588085      2722.8863      15.053335
           -0.6      2205.0822      12.187256      1809.5142      10.066398      2745.4298      15.475946
           -0.5      2212.1219       12.35448      1812.2841       10.11008      2759.6935      15.537093
           -0.4       2171.156      12.011159      1780.4309       9.857172      2705.4662      15.052928
           -0.3      2236.9079      12.181026        1834.56      10.005352      2787.1169      15.277966
           -0.2      2233.2647      12.172292      1830.6692      9.9897168      2784.1263      15.263957
           -0.1       2211.741      12.255785      1813.2518      10.045554      2756.8794      15.383385
              0      2223.7497      12.175754      1825.2108      10.025226      2768.0465      15.320766
            0.1      2229.1348      12.313836      1826.3086      10.097165      2780.7288      15.469543
            0.2      2220.6261      12.232361      1822.0021      10.041219      2765.2079      15.367229
            0.3      2204.4202      12.144338      1806.7417      9.9593927      2748.7049       15.22768
            0.4      2220.3675      12.112234      1820.9602      9.9473853      2766.6228      15.203434
            0.5      2211.7023      12.133651      1813.4144      9.9627622      2756.5426      15.204544
            0.6      2216.2921      12.384226      1818.8781       10.19653      2759.2181      15.475891
            0.7      2183.6751       12.11906      1791.6736       9.954137      2719.4822      15.200239
            0.8      2167.6903      12.044191      1778.4335      9.8875148      2699.9016      15.092135
            0.9      2101.6882      11.813429      1724.7167       9.714789      2616.9513      14.816912
              1      2104.4585      11.843561      1726.0389      9.7284611      2622.0686      14.855098
            1.1      2075.0314      11.774732       1703.223      9.6801088      2583.2743      14.797494
            1.2      2089.9418      11.856046      1714.1271      9.7254666      2604.3707      14.866678
            1.3      2015.9849       11.60477       1655.558       9.536734      2508.5523      14.526706
            1.4      1974.0324      11.413604      1621.1477      9.3880378      2456.3155      14.285007
            1.5      1930.0251      11.289251      1586.4609      9.2912643      2399.1261      14.114314
            1.6      1909.2547      11.305812      1569.4081      9.3000239      2373.4348      14.142814
            1.7      1836.6853      11.024919      1513.7061      9.0980466      2276.2317      13.737444
            1.8      1788.2176      10.883616      1473.9867      8.9810142      2215.8729      13.560612
            1.9      1740.5463      10.760877      1434.7521      8.8786472      2156.8222      13.414782
              2      1659.7387      10.510142      1370.9114       8.688462      2051.9278      13.078239
            2.1      1599.6654      10.299218      1322.4063      8.5253564      1975.7403      12.801963
            2.2      1501.6648      10.056305      1241.9035      8.3233522      1853.8722      12.488209
            2.3      1421.7881      9.6964683      1178.0756      8.0454107      1751.3203       12.02379
            2.4      1342.8437       9.420277       1114.222      7.8267308      1651.3362       11.68665
            2.5      1244.3936       9.118329      1033.5425      7.5809528      1528.5271      11.279386
            2.6       1148.742      8.7223618      956.40699      7.2707143      1406.8985      10.743681
            2.7      1049.0319      8.3366804      873.57315      6.9516043      1284.5595      10.265132
            2.8      953.46918      7.9653774      795.23786      6.6457708      1165.2774      9.8038451
            2.9      845.76911      7.4594729      705.88448      6.2367419       1032.849      9.1452949
              3      743.65182      7.1268524      621.33615      5.9474776      906.90571      8.7693798
            3.1      644.66255      6.5284071      540.16259      5.4784352      783.34391      7.9839201
            3.2      545.15187      5.9945289      457.79593      5.0405897      660.60849       7.296827
            3.3      442.02002      5.4065995      371.02695      4.5425132      535.91565       6.585036
            3.4      363.55601      4.9054028      306.24227      4.1358585      438.77731       5.964909
            3.5      287.65907      4.3764329      241.85266       3.680512      348.01141       5.319542
            3.6      216.26954      3.7784855      182.19094      3.1839401      260.94849      4.5843008
            3.7      156.38166      3.2127075      131.76764      2.7101756      188.64238      3.9025373
            3.8      110.97815      2.7045968      93.548713      2.2838993      133.79806       3.273798
            3.9      70.236008      2.1509005       59.30149       1.816548        84.4903      2.6002954
              4      43.668665      1.6944954      36.845973      1.4315565      52.578115      2.0447319
            4.1      25.714613      1.3069691      21.713137      1.1028708      30.927192      1.5795331
            4.2      14.073353     0.96196989       11.84316     0.81043467      16.999542      1.1643001
            4.3      6.3790433        0.64766      5.3413633       0.543354         7.7558     0.79006843
            4.4        2.17019      0.3777627        1.83535     0.31977397       2.603415     0.45393813
            4.5     0.52610667      0.1859975     0.44567999     0.15766917     0.62951667     0.22282741
            4.6     0.13152667    0.092998748        0.10642    0.075327679     0.16310333     0.11547314
            4.7     0.13152667    0.092998748       0.109425     0.07737281     0.16123167     0.11400618
            4.8              0              0              0              0              0              0
            4.9              0              0              0              0              0              0
              5              0              0              0              0              0              0
