#          y_bx        central        num_err    min (scale)        num_err    max (scale)        num_err
             -5      497.33429      5.8279171      421.42282      4.9325864      595.48631      7.0323622
           -4.9      591.69112      6.5258232      501.34039      5.5037959      708.42206      7.9076182
           -4.8      701.29291      6.9642864      593.89736      5.8808509      840.21777      8.4256971
           -4.7      806.57505      7.5148349      684.09062      6.3473853      964.41887      9.0985107
           -4.6      932.20851      7.9290222      791.20601      6.7318115      1113.5991      9.6170226
           -4.5      1031.8029      8.3035379      875.06527      7.0379385      1233.8355      9.9976803
           -4.4       1182.222      8.9182204      1003.1893      7.5709715      1412.5817      10.795214
           -4.3      1340.3842      9.4414039      1138.4572      8.0417311      1599.6252      11.398711
           -4.2      1484.0902      9.9772379      1259.2957      8.4594601      1773.3927      12.006252
           -4.1      1646.0529      10.724833      1396.7285      9.0913101      1966.7969      12.903232
             -4      1786.7025      10.924036      1515.3554       9.259456      2136.1351      13.151652
           -3.9       1971.686      11.461593      1673.3211      9.7377813      2355.3011      13.817208
           -3.8      2157.0739      13.089168      1830.0436       10.94343      2577.8867      16.060842
           -3.7        2323.59       12.47225      1968.8498      10.566357      2781.4537      15.020476
           -3.6      2501.7051      12.877754      2120.4182      10.925142      2993.4408      15.518332
           -3.5      2711.0171      13.496219      2296.2173       11.42142        3246.69       16.30584
           -3.4      2847.0254      13.939648      2409.3916      11.780583      3413.3831      16.848503
           -3.3      3057.1583      14.187235      2586.2912      12.011862      3667.1338      17.122673
           -3.2      3202.8203      14.511766      2709.2775      12.286735      3842.1984      17.525316
           -3.1       3390.005       15.27526      2869.6051      13.136216      4063.2084      19.166701
             -3      3547.0239      15.300083      3001.7576      13.087846      4252.5509      18.852607
           -2.9      3706.9444      15.583871      3129.0421      13.168292       4459.386      18.840829
           -2.8      3895.5133      16.246778      3286.2487      13.680611       4689.909      19.734487
           -2.7      4041.5126      16.305643      3411.5657      13.847022      4861.5781      19.981073
           -2.6      4221.3497      16.693151      3556.0822      14.074957      5091.5468      20.278547
           -2.5      4346.8536      16.911667      3659.9993      14.250249      5246.1211      20.561042
           -2.4      4492.8497      17.395019       3781.129      14.648669      5425.6602      21.146748
           -2.3      4663.4755      17.512816      3921.6419      14.735399      5637.3179      21.320146
           -2.2         4775.5       17.69211      4011.0725      14.879084      5781.5077       21.59327
           -2.1      4859.7884      17.917419      4078.4266      15.044968      5889.8886      21.912238
             -2      5029.3791      18.138019      4219.0747      15.228628      6098.4785      22.132343
           -1.9      5152.7317      18.378451      4321.5618      15.452964      6249.9128      22.546325
           -1.8      5250.2331      18.528041      4397.1785      15.531469      6379.4158        22.6596
           -1.7      5365.4289       18.91185        4492.19      15.948085      6522.0609      23.463112
           -1.6      5476.0799      18.986916      4582.2204      15.897883      6661.3348      23.293366
           -1.5      5582.5065      19.087156       4667.776      15.980308       6797.321      23.404021
           -1.4      5664.3249      19.224716      4732.7949      16.086998      6902.9945      23.610156
           -1.3      5707.3415      19.320653      4769.8333       16.15446      6953.5263      23.713671
           -1.2      5783.2594      19.450309      4827.0856      16.247577      7057.3543      23.904278
           -1.1      5896.9712      19.629489      4923.9997      16.414855      7192.2761      24.172206
             -1      5949.6764      19.725232      4965.5392      16.487919      7261.1425      24.302025
           -0.9      5986.6141      19.741045      4993.9198      16.522793      7310.5844      24.399995
           -0.8      6054.2609      19.879568        5045.76      16.579896      7401.7304      24.460702
           -0.7      6080.7586      20.534565      5066.6398       17.04402      7436.0293      25.440922
           -0.6      6124.8857      19.989166      5102.9423      16.672769      7491.0462      24.621599
           -0.5       6176.795      20.071526      5145.2554      16.743026      7556.2003      24.748187
           -0.4      6197.0415       20.11743      5164.3221      16.956223       7576.678      25.290616
           -0.3      6216.0392      20.129124      5176.9639      16.792285       7605.822      24.825868
           -0.2      6245.6787      20.181083      5202.9798      16.962423      7639.6636      25.177488
           -0.1      6243.0277        20.2228       5197.881      16.849238      7641.7403      24.953451
              0       6212.831      20.111963      5172.4701      16.764631      7605.3018       24.78623
            0.1      6236.0829      20.149582       5191.582      16.794746      7634.3062      24.855072
            0.2       6216.654      20.135934      5176.4895      16.784505      7608.5034      24.847399
            0.3      6171.1031      20.107584      5139.1725      16.768459       7551.549      24.821525
            0.4      6157.8408      20.080234      5130.1968       16.74958      7531.6196      24.776071
            0.5      6098.6691      19.965689      5079.1353      16.639866      7462.5502       24.59133
            0.6      6068.4594      19.882956      5056.1866      16.589756      7421.4451      24.500656
            0.7      6070.0322       19.88543      5060.8979      16.603605      7417.1774      24.474613
            0.8      5986.3929      19.771208      4991.3061      16.502896        7314.85      24.324258
            0.9      5920.9525      19.705487      4938.9688      16.452845      7231.0029      24.289753
              1      5855.0733      19.584447      4888.0833      16.367645      7142.9924      24.096041
            1.1      5823.5487      19.496265      4862.6963      16.294131       7102.882      23.955731
            1.2       5713.314      19.390435      4770.4733      16.207989      6968.5832      23.850023
            1.3      5651.6388      19.205971      4722.9829      16.080173      6886.1436      23.607171
            1.4      5595.9004      19.132497      4680.9314      16.024989      6809.9494      23.473554
            1.5      5477.0479      18.950559      4583.5277      15.871912       6661.629         23.208
            1.6      5357.1287      18.798614      4485.7166      15.746453      6511.1763      23.050875
            1.7      5284.8012      18.670041      4426.3069      15.653845      6421.2562      22.863706
            1.8      5171.2324      18.384701      4337.5365      15.435204      6271.4999       22.44081
            1.9      5031.4876      18.151388      4221.1305      15.236333      6100.5488      22.173221
              2      4910.5933      17.983276      4121.1555      15.102307      5951.3117      21.927488
            2.1      4779.9237      17.685823      4015.9878       14.86953      5784.7078      21.530517
            2.2      4680.2849      17.558623      3933.9819      14.770786      5661.0466      21.389565
            2.3      4488.2621      17.252349      3776.0049      14.524228      5422.3037       21.01469
            2.4      4404.8221      17.013903       3707.667      14.334408      5318.2324       20.67406
            2.5      4197.1375      16.613227      3535.6917       14.00683      5062.2757       20.15765
            2.6      4020.7888      16.238808      3390.6839      13.706106      4843.0282      19.674522
            2.7      3873.5133       15.95356      3268.4251      13.469824      4661.8715      19.313859
            2.8      3716.0099      15.650488      3135.5898      13.215713      4472.2401       18.94089
            2.9      3553.2711      15.296598       3001.088      12.924495      4271.2213      18.487573
              3      3361.7651      14.869172      2842.7536       12.58858      4034.8725      17.977498
            3.1      3233.1824       14.60754      2734.5338      12.363227      3879.4312      17.615934
            3.2      3036.8398      14.242716      2570.3067      12.049072      3640.5511      17.196973
            3.3      2851.3111      13.698114      2414.9618      11.605599      3414.9623      16.523678
            3.4      2678.3179      13.329364      2269.3004      11.292128      3206.2649      16.069872
            3.5      2482.1157      12.809332      2102.3946      10.850191      2972.6118      15.422345
            3.6      2313.2757      12.385467      1961.4828      10.501078      2766.5096        14.9141
            3.7      2167.0946       11.98097      1838.7232      10.172882      2589.4317      14.407433
            3.8      1974.8812      11.452977      1675.7677      9.7156097      2359.6729      13.779323
            3.9      1807.0119      10.974593      1532.2583        9.30111      2160.9962       13.20219
              4      1660.4262      10.556358      1409.6746      8.9539377       1982.554      12.727828
            4.1      1495.4958      10.126545      1269.7397       8.600048      1785.4926       12.22206
            4.2      1328.7092      9.4098359      1127.7715      8.0045809       1587.137       11.37575
            4.3      1191.4958      8.9196687      1014.5839      8.4291867      1417.0619      12.938122
            4.4      1043.7604      8.3770189        885.842      7.1001332      1246.9134      10.090899
            4.5      925.89253      7.9252146      785.19158      6.7077388       1107.295      9.5634309
            4.6      800.37472      7.3454895      678.81973      6.2309123      957.05642      8.8342168
            4.7      702.35369      6.9710273      595.38435      5.8903475      840.37693      8.4202834
            4.8      604.60099      6.9186593      511.81878      5.8047932      724.76679      8.4157389
            4.9      505.93492      6.0907927      429.09256      5.1380795      605.07073      7.3844149
              5      505.93492      6.0907927      429.09256      5.1380795      605.07073      7.3844149
