#  pt_bbZ-ptj30        central        num_err    min (scale)        num_err    max (scale)        num_err
              0      10.583621     0.19054891      9.0327263     0.17261799      12.495544     0.20861542
              5      36.898733     0.35593309      31.194188     0.30925463      44.191615     0.41801682
             10      71.486906     0.44572356      60.255009      0.3930917      85.888267     0.51060735
             15      116.88494     0.62553527      98.449895      0.5455678        140.577     0.72981212
             20      177.74564     0.76368126      149.71413       0.659535      213.59211     0.90209489
             25      250.54867     0.90812803      211.37587     0.79316786      300.23328      1.0547029
             30      349.13841      1.1323006      295.46724     0.98876015      416.44767      1.3209086
             35      388.42193      1.1641759      328.38366      1.0099605      463.39864      1.3647478
             40      380.10918       1.123498      320.45413     0.97248189       454.8283      1.3174208
             45      346.97523      1.0657476      291.68617      0.9278796      416.53459      1.2430385
             50      307.12451     0.96061348      257.36903      0.8346678      369.93163      1.1239432
             55      264.74788     0.86772559      221.07867     0.74654439      320.22122      1.0308477
             60       224.9295     0.84678145      187.24471     0.73035687      273.00536      1.0033594
             65      192.29369     0.77705927      159.55577     0.66714062      234.29578     0.92209792
             70      163.02474     0.69556082      134.88912     0.59535126      199.24769     0.83922672
             75      139.84908     0.61401169       115.3936     0.52063954      171.47023      0.7480271
             80      121.16188     0.57757966       99.68256     0.48961483      149.05628     0.69862911
             85      104.22794     0.51802674      85.456475      0.4360844      128.75536     0.63426484
             90      91.578363     0.53824046      75.082256     0.45345094      113.04118     0.65795499
             95      80.068251     0.48626299      65.429294      0.4089965      99.246745     0.59217093
            100      68.922493     0.41818976      56.222488     0.35043983       85.57216     0.51427098
            105      60.804915      0.4073927      49.588452     0.34429348      75.493577     0.49585172
            110      53.930387     0.43670494      43.857981     0.36561966       67.16814     0.53418354
            115      47.049593     0.36476301      38.196417     0.30924522      58.711982     0.43982277
            120      42.079908     0.35298683      34.137459     0.29743437      52.538927     0.43014052
            125      37.451836     0.32989422       30.33493     0.27540414      46.849146     0.40382029
            130      33.303362     0.34735566       26.98808     0.29273617      41.618818      0.4245033
            135      29.664794      0.3107496      24.008009     0.25396389      37.132025     0.39510998
            140      25.574239     0.25948352      20.715688     0.23389267      31.943858     0.30267454
            145      24.508664      0.3392851      19.830367     0.28736871      30.715111     0.41009741
            150      21.005759     0.25458496       16.97249     0.21612351        26.3229     0.30786175
            155      19.156114     0.32345443      15.459307     0.26560868      24.035915     0.40516679
            160      17.153679     0.25356289      13.880007     0.21134387      21.449172     0.31418789
            165      15.224775     0.19432953      12.255397     0.16030034      19.156645     0.24534765
            170      14.282599     0.30286581      11.522469     0.25962985      17.936016     0.36026953
            175      12.547213     0.15930981      10.081456     0.13498001      15.816015     0.19419552
            180      11.328748     0.20275659      9.1174361     0.17033046      14.253632     0.24784677
            185      10.086729     0.16003337      8.0867153     0.13271933      12.743102     0.19936927
            190      9.1709316      0.1429178      7.3416358     0.11978299      11.612841     0.17689098
            195      8.3164716     0.13842324       6.698006     0.11623883       10.44654     0.17361268
            200      7.9874696     0.19794224      6.4277467      0.1591376      10.036272     0.25736727
            205      7.0647252     0.13493599      5.6811406      0.1141975      8.8829233     0.17234005
            210      6.2883205     0.10588746      5.0763486    0.096730067      7.8550051     0.15882203
            215      5.6292873     0.10357873      4.5224041    0.086659727      7.0815519     0.13050606
            220      5.4281836      0.1777226      4.3476374     0.14850731      6.8562164     0.21573941
            225      4.9973824     0.10979219      3.9967866    0.092888534      6.3273725     0.13350578
            230       4.522506     0.11030983      3.6108616    0.092692909      5.7372146     0.13554743
            235      4.1858496     0.12756436      3.3471784     0.10509934      5.3012209     0.16206135
            240      3.7882914    0.087749323      3.0327418     0.07325778      4.7916402     0.10972274
            245      3.4060695    0.080924657      2.7121248    0.068169368       4.333737    0.099169199
            250       3.319501     0.11978049      2.6569577     0.10202506      4.1964937      0.1446175
            255      3.1984529     0.13407415      2.5824952     0.11351726      4.0027565      0.1634941
            260      2.6767087      0.0655038      2.1384325    0.054675036      3.3847638    0.082310357
            265      2.4980195    0.058155311      1.9999354    0.047847822       3.151887    0.074861665
            270      2.2563599    0.056731816      1.7946583    0.044578164      2.8703355     0.07952687
            275      2.2284818    0.063243128      1.7880949    0.052523154      2.8026398    0.079852497
            280      2.0293376      0.0586488      1.6211519    0.048644606      2.5629012    0.074314592
            285      1.9168937     0.13776523      1.5455983     0.11379831      2.3962499     0.17162471
            290      1.6983992    0.056626075       1.355196    0.046684787      2.1512365    0.071449824
            295      1.5159618    0.041183174      1.1985111    0.032777886      1.9417143    0.054702787
            300      1.5311329    0.047916955      1.2213292     0.03974507      1.9404442    0.061063686
            305      1.3531479    0.052576544      1.0928074    0.043740059       1.682974     0.06657714
            310      1.3181283    0.050572489      1.0500892    0.042146949      1.6738276    0.063040981
            315      1.3208918     0.11666192      1.0408902    0.091421138      1.7010868     0.15203507
            320      1.3845331     0.14586931      1.1072251     0.11701471      1.7457853     0.18410731
            325      1.0153673    0.050312866     0.81729731    0.043765195      1.2734755    0.060384049
            330      1.1093725      0.0798188     0.89249079    0.067583226      1.3910116    0.096152147
            335     0.98347194    0.040979694     0.78655915    0.034291731      1.2411392    0.051404206
            340     0.79545129    0.029563138     0.63371352     0.02350572      1.0060405    0.039874239
            345     0.90477694    0.060147909     0.73093735    0.056732266      1.1268298    0.062477904
            350      0.6975045    0.026137082     0.55288119    0.020546239     0.88791704    0.035612779
            355     0.72579496    0.041134241      0.5830743    0.035664473     0.90999659    0.049747548
            360     0.81349529     0.13430801     0.69002073     0.12380532     0.94503009     0.15019702
            365     0.64044632    0.057373192     0.51423732    0.047255449     0.80413213    0.071691009
            370     0.52056448    0.022937732     0.41060851    0.017983184     0.66703136    0.031799701
            375     0.57395059    0.031607745     0.45410837    0.026269024     0.73287959    0.039928802
            380     0.47443086    0.022794702       0.374698    0.018004952     0.60629644    0.031019842
            385     0.49907722    0.035555946     0.39462459    0.030619361     0.63921044    0.042530093
            390     0.48232551    0.027423203     0.38085229    0.021392471     0.61720008    0.036831296
            395     0.40121821    0.030198922     0.32993458    0.027064503     0.48197839    0.045715533
            400     0.45045846    0.056767221     0.35905592    0.049049965     0.57103632    0.066370492
            405      0.3867561    0.018953532     0.30635979     0.01476595     0.49144362    0.025743107
            410     0.34382972    0.021507828     0.27645254    0.018015953     0.43039406     0.02802831
            415     0.33217604    0.021665786     0.27029805    0.018307661     0.40697906    0.027214464
            420     0.31921439    0.021087397       0.256863    0.017294547     0.39764288    0.027516429
            425     0.33030342    0.045650032     0.26849178    0.038594655     0.40597447    0.055386288
            430     0.28681199    0.018931788     0.22753841    0.015222573     0.36404566     0.02515495
            435     0.31727547    0.031299994     0.25043132    0.025852739     0.40696654    0.038909584
            440     0.24949146    0.019116574     0.20099689    0.015768772      0.3108214    0.024488768
            445     0.23896663    0.041637794     0.19125948     0.02911869      0.3009199    0.062413347
            450     0.22789281    0.017911237     0.18132629     0.01428817     0.28832398    0.024142384
            455     0.30084754    0.072198818     0.24312155    0.061588864     0.37294437     0.08395605
            460     0.18777069    0.017427879     0.14821878    0.013955999     0.23968876    0.022904428
            465     0.18404642    0.015284313     0.14467713    0.012288375     0.23675008    0.020570716
            470     0.17570807    0.025014291     0.13837122    0.020942545      0.2259727    0.030713868
            475     0.15584096    0.013907874     0.12615569    0.011438302     0.19204855    0.018497948
            480     0.14768401    0.012024376     0.11485608   0.0091281789     0.19282486    0.016902057
            485     0.14467651    0.012652289     0.11171721    0.009610856     0.19059844    0.017748001
            490     0.17229187    0.017481008     0.13774429    0.014763786     0.21671894    0.022175962
            495     0.13573244    0.011340144     0.12442151    0.020594944     0.13949461    0.013193855
            500     0.15303592    0.023539689     0.12027454    0.017030715       0.196908    0.034709858
            505     0.14623169    0.015688638     0.11774439    0.013216239     0.18232658    0.019372731
            510      0.1372336    0.027580653     0.10881083    0.020751712     0.17413763    0.037970621
            515     0.11984752    0.010976149    0.090342441   0.0081159962     0.16268283    0.015567859
            520     0.17964488    0.038866293      0.1491587    0.033965093     0.21524292    0.044874557
            525     0.14689376    0.024335161     0.11723982     0.02181147     0.18463488    0.032048638
            530    0.084036732    0.010459943    0.065656831   0.0080073497      0.1082578    0.014513897
            535    0.094089153   0.0092713262     0.07862275   0.0084182315     0.10985884    0.015012902
            540     0.08276305   0.0086279458    0.066333319   0.0065604937     0.10266364     0.01263599
            545     0.07965618   0.0097716058    0.063895636   0.0073276377    0.098649331    0.013990288
            550    0.061676299   0.0080072963    0.048910453    0.005854377    0.078004587    0.011987053
            555    0.084343484    0.016599817    0.066849642      0.0113963     0.10700245    0.025765299
            560      0.0956237    0.010085932    0.072418464   0.0076296623     0.12918793    0.014065193
            565    0.064316357   0.0076955276    0.049722837    0.005675803    0.084357244    0.011127856
            570    0.069297007   0.0086137878    0.054861083   0.0069229296    0.088133917    0.012094956
            575    0.067503877   0.0092128331    0.055133838   0.0075488421     0.08189998    0.012158177
            580    0.077247106    0.015179387    0.061846811    0.012929331     0.09759311    0.018347021
            585    0.086455531    0.022270049    0.067643189    0.016985391     0.11148809    0.030617654
            590    0.055795984   0.0073157752    0.043109016   0.0057284899    0.073168091   0.0097279861
            595    0.039498346   0.0064915233    0.032486311   0.0047749942    0.047235571    0.009831672
            600     0.05028687   0.0066223146    0.042060394   0.0064489876    0.057954915    0.011946713
            605    0.035574311    0.006422916    0.028808327   0.0049216164    0.043851533   0.0089902918
            610    0.039606673   0.0062591138    0.032584685    0.004726762    0.046902992   0.0098558617
            615    0.038324232   0.0062294225    0.030794311   0.0048508499    0.047451929    0.008390033
            620    0.046989449    0.011016095    0.037154646   0.0096437445    0.060479291    0.012834774
            625    0.041426338   0.0066034577     0.03159437    0.005253809    0.055408346    0.008653608
            630      0.0433425   0.0070585481     0.03303563   0.0053497885    0.057734409   0.0096205834
            635    0.038287381   0.0091355357    0.031425788   0.0076893797    0.046312441    0.011284957
            640    0.024058779    0.004593575     0.01844874   0.0034098833    0.031777382   0.0065217868
            645    0.043246791   0.0090389078    0.033519724   0.0070630648    0.056681358    0.012207283
            650    0.036506043   0.0058331406    0.028060492   0.0042675721    0.048258268   0.0084702205
            655    0.022260669   0.0042731808     0.01681313   0.0031808151    0.030047933    0.005974018
            660    0.036305118   0.0060906306    0.027430197     0.00479997    0.049199921   0.0081777939
            665    0.025459055   0.0046919337    0.019773386   0.0035365904    0.032977598   0.0065911666
            670    0.034379645   0.0063597762    0.026222992   0.0045978298    0.045718228   0.0092530168
            675     0.02339746   0.0048296882    0.017751555   0.0034627703    0.031426614   0.0072363726
            680    0.029074862   0.0068538772    0.021822618   0.0047682689    0.039387953    0.010395188
            685    0.042917775    0.014724004    0.034702068    0.012873972    0.053895728    0.017027907
            690    0.027981378   0.0067578657    0.021668583   0.0055404366    0.036966339   0.0084757337
            695    0.023053681   0.0042093611     0.01741937    0.003203556    0.030967894   0.0057420683
            700    0.027889291   0.0051872987    0.022653996   0.0041584078    0.033499606    0.007047917
            705    0.022780649   0.0054952851    0.018405374   0.0044479377       0.027985   0.0070793301
            710    0.014348209   0.0035853805     0.01162126   0.0028660346     0.01748437   0.0046522149
            715    0.024392244   0.0065975474    0.018526161   0.0045342764    0.032872855    0.010471203
            720    0.029178642    0.017801053    0.020866575    0.011843554    0.041871832     0.02773192
            725    0.016890295   0.0036009856    0.013099075    0.002831002    0.021812067   0.0048049645
            730    0.017294016    0.006289198    0.013996102   0.0049797716    0.021311122   0.0082756495
            735    0.014494528   0.0042322226    0.011071339    0.003149492    0.019319724   0.0059551819
            740    0.016717795   0.0042743342    0.013356654   0.0034561499     0.02103378   0.0055166718
            745    0.010040295   0.0031788483   0.0089411733   0.0024530036    0.010301063   0.0044476341
            750    0.011837972   0.0045883921    0.010516299   0.0035349688    0.012641142   0.0063945656
            755     0.01508561   0.0039793955    0.010945354    0.002840186    0.021441161   0.0058126704
            760    0.010172901   0.0029806669   0.0094227755   0.0026881419    0.010363726   0.0031437391
            765    0.024438701   0.0084660413    0.018960925   0.0066135652    0.031514173    0.011040037
            770    0.017499961    0.004933721     0.01243439   0.0034175917    0.025370492   0.0073948781
            775    0.014768661   0.0070000265      0.0121875   0.0062370832    0.018167618   0.0080093175
            780    0.010040512   0.0031784984    0.008215492   0.0024471146    0.011978721     0.00437991
            785    0.026135886   0.0091560248    0.021012244    0.008016819    0.032704566    0.010528872
            790   0.0070910039   0.0028225195   0.0054004724   0.0019230263   0.0092967127   0.0045179632
            795    0.019274488   0.0088998933    0.015143288    0.007177258    0.025133071    0.011508103
            800   0.0091908267   0.0026530316   0.0077155315   0.0022854793    0.010465415   0.0032775759
            805    0.014936398   0.0056525798    0.012602323   0.0049004709    0.017267595   0.0064762613
            810   0.0050392913   0.0028132571   0.0044455906   0.0019670681   0.0051999409   0.0031511186
            815   0.0069821259   0.0023288371   0.0051546654   0.0017336186   0.0096903544   0.0032515539
            820   0.0061256889   0.0026523429    0.004861004   0.0019280662   0.0076202166   0.0039560948
            825   0.0045941338   0.0021655871   0.0035905512   0.0015514012   0.0058788189   0.0031783427
            830   0.0091882676   0.0030626027   0.0071193307   0.0021557009    0.011941555   0.0046394605
            835    0.021007618   0.0052542156    0.015943386   0.0041491335    0.028433051   0.0068727095
            840    0.004612126   0.0021719149   0.0036390355   0.0016637158   0.0058252756     0.00307209
            845   0.0045944291   0.0021656916    0.003186496   0.0014363014   0.0068575591   0.0034256094
            850   0.0096784646   0.0042993513   0.0069151378   0.0029449517    0.013950886   0.0065398734
            855   0.0099539566   0.0033373939   0.0082995079   0.0022489075    0.011615728   0.0061085915
            860   0.0092401574   0.0026677109   0.0067240355   0.0019482977     0.01301311   0.0037755235
            865   0.0062801377   0.0022249588   0.0042919292   0.0015346252    0.009595315   0.0034050482
            870   0.0061323228   0.0026542656   0.0054964488   0.0018941176   0.0064249213   0.0030084411
            875   0.0045941338   0.0018754535   0.0030580906   0.0012536611   0.0072335237     0.00296994
            880   0.0053598228    0.002296952   0.0041888189   0.0017285369   0.0069081693   0.0032839551
            885   0.0030627559   0.0018754535    0.002233996   0.0012631699   0.0043097835   0.0029179612
            890   0.0053598228    0.002296952   0.0048899606   0.0016545102   0.0056154921   0.0026007746
            895   0.0053598228   0.0020257213   0.0040921653   0.0015836436      0.0070725   0.0028052169
            900   0.0030627559   0.0015313014   0.0027627362   0.0014252924   0.0031788976   0.0016802581
            905   0.0022970669   0.0013261459   0.0020679331   0.0012489126   0.0024050984   0.0013904885
            910  0.00076568897    0.002296952 -0.00059402756   0.0034598689   0.0012010453   0.0018562628
            915   0.0076568897      0.0024212    0.005481437   0.0017395994    0.010975276   0.0034902022
            920   0.0053598228   0.0020257213   0.0040677756   0.0015509529   0.0072286219   0.0027862047
            925   0.0022970669    0.001712047   0.0020407481   0.0012525861   0.0023761812   0.0022597097
            930   0.0030649212   0.0015323851    0.002338622   0.0011716592   0.0040739173   0.0020449623
            935   0.0061255117   0.0021655871   0.0045720275   0.0016278585   0.0082996063   0.0029783824
            940   0.0022970669   0.0013261459   0.0015775788  0.00091201678   0.0034647638   0.0020036666
            945   0.0039272244   0.0020650804   0.0030319882   0.0015473729   0.0052422638   0.0029140578
            950   0.0022970669   0.0013261459   0.0015823032  0.00092024301   0.0034720078   0.0020248949
            955   0.0015313779   0.0018754535   0.0012376772   0.0030038199   0.0015666338   0.0016827377
            960   0.0046282677   0.0018896448   0.0033375788   0.0013713306    0.006565374   0.0027128047
            965   0.0038284448    0.001712047   0.0026152757   0.0011804062   0.0058361614   0.0026445052
            970   0.0030651968   0.0015325232   0.0026488189   0.0013721195   0.0032445689   0.0018656578
            975              0   0.0010827936  -0.0002001378   0.0020501218  8.9389774e-05  0.00059069201
            980  0.00088248035   0.0017673646 -0.00097580709   0.0029162662   0.0015048839   0.0012999871
            985    0.011294232   0.0070410548    0.010002087   0.0064437873    0.012388681   0.0076163348
            990   0.0015313779   0.0015313014   0.0013898819   0.0010637525   0.0015991536   0.0017157045
            995   0.0022970669   0.0013261459   0.0016330118  0.00094391843   0.0033172047   0.0019186619
           1000   0.0022970669   0.0013261459   0.0016330118  0.00094391843   0.0033172047   0.0019186619
