#  pt_bbZ-ptj20        central        num_err    min (scale)        num_err    max (scale)        num_err
              0      25.371737     0.31707369        21.7396     0.28594559      29.813047     0.34973489
              5      94.955406     0.61135313      80.783922     0.54828533      112.79328     0.68442714
             10      197.22822     0.84443141      167.36537     0.75287644      234.76577     0.94987007
             15      340.67261      1.0667758      289.36946     0.94973226      404.18448      1.2046982
             20      526.34305      1.3793906      448.35319      1.2257236      621.05674      1.5590659
             25      598.22883      1.4810926      509.87057      1.3199733      705.61487      1.7178155
             30      585.15526      1.4756906      498.11517      1.2872315      693.09186      1.7243833
             35      528.00634      1.3566132       447.8226       1.177555      627.62029      1.5893053
             40      453.79117      1.2673191      383.22702      1.0979063      541.97216       1.486483
             45      380.40854      1.1276148       320.1077     0.98327423      456.18018      1.3117735
             50       320.0932     0.98814862      268.33727      0.8589733      385.41578      1.1552681
             55      268.27878     0.87428615      224.07993     0.75197583      324.40502      1.0392443
             60      226.25264       0.847941      188.37304     0.73142487      274.56606      1.0046648
             65       193.3896     0.77824665      160.48924     0.66842545      235.58808     0.92319523
             70      163.91492     0.69637628      135.63914     0.59606694       200.3137     0.84017055
             75      140.50842     0.61459978      115.95087     0.52114827      172.25463     0.74873034
             80      121.72628      0.5784362      100.15894     0.49036878      149.72933     0.69961368
             85      104.76636     0.51920637      85.907026     0.43710011      129.40614     0.63575228
             90      91.977896     0.53861921      75.416128     0.45377842      113.52338     0.65840975
             95      80.407006     0.48668551      65.713427     0.40936265      99.652904     0.59268031
            100       69.22204     0.41849809      56.469481     0.35069303      85.939029     0.51465467
            105      61.053647     0.40772644      49.797244     0.34462099      75.791664     0.49621499
            110      54.148779     0.43701793      44.042112     0.36590163      67.427347     0.53454401
            115      47.230407      0.3650103      38.349113     0.30945488      58.925549     0.44014084
            120       42.24069     0.35318278      34.269848      0.2975904      52.735921     0.43039469
            125      37.595145      0.3301186      30.454161     0.27559968      47.022224     0.40408555
            130      33.430424     0.34754461      27.094474     0.29289768      41.770633     0.42473562
            135      29.766977     0.31088382      24.092618     0.25407457      37.255645     0.39527852
            140      25.678431     0.25967146      20.802406     0.23403916      32.069492     0.30292104
            145      24.607079     0.33948483      19.912328     0.28754327      30.833457     0.41032707
            150      21.063619     0.25467971      17.019031     0.21619719      26.396092     0.30798735
            155      19.212392     0.32352943      15.506083     0.26567295      24.103625     0.40525695
            160      17.209129     0.25365345       13.92542     0.21141656      21.517329     0.31430296
            165      15.286929     0.19447614      12.306721     0.16042802      19.232526      0.2455178
            170      14.324514     0.30293616       11.55849     0.25968435      17.983901     0.36036927
            175      12.589672     0.15943209      10.116862     0.13508105      15.866951      0.1943471
            180      11.352054     0.20280553      9.1369393     0.17036815      14.281163     0.24791391
            185      10.121342     0.16012995      8.1149681     0.13279567      12.785706     0.19949431
            190      9.1967664      0.1429968      7.3624626      0.1198408      11.645192     0.17700396
            195      8.3442791     0.13851353      6.7199774     0.11630723      10.482489     0.17373475
            200      8.0136799     0.19799964      6.4492397     0.15918781      10.068424     0.25743354
            205      7.0857387     0.13500114      5.6982558     0.11424932      8.9088198     0.17241749
            210      6.3121402     0.10597701       5.095589     0.09679211       7.884798     0.15892463
            215       5.653758     0.10367271      4.5421661    0.086733439      7.1120744      0.1306234
            220       5.445795     0.17776352      4.3612083     0.14853616      6.8795547      0.2158001
            225      5.0092018     0.10986059       4.006561    0.092944272       6.341699     0.13359291
            230      4.5323487     0.11035866      3.6191076    0.092730544      5.7488902     0.13561537
            235      4.2007199     0.12761026      3.3595201      0.1051386       5.319019     0.16211435
            240      3.7958248    0.087801308      3.0401224    0.073313564      4.7983863     0.10978221
            245      3.4156189    0.080983949      2.7200779    0.068217059      4.3451591    0.099243236
            250      3.3335129     0.11982604      2.6679589     0.10205829      4.2146293     0.14468113
            255      3.2091836     0.13410479      2.5911338     0.11354084       4.016103     0.16353339
            260      2.6859121    0.065557618      2.1457061    0.054715367      3.3965125    0.082380347
            265      2.5053628    0.058219255      2.0058689    0.047901014       3.161073    0.074936503
            270       2.269377    0.056819534      1.8048594    0.044647197      2.8871766    0.079632894
            275      2.2323103    0.063275555      1.7915116    0.052549032      2.8067201    0.079894356
            280      2.0347766    0.058694763      1.6255955    0.048680051      2.5696024     0.07437648
            285      1.9222677      0.1377802      1.5501435     0.11381132      2.4024727       0.171641
            290      1.7006963     0.05665194      1.3578929    0.046701589      2.1521118    0.071537217
            295      1.5190246    0.041211627       1.200819    0.032798213      1.9458779    0.054742457
            300      1.5341956    0.047941396      1.2238969    0.039765834      1.9440294    0.061090121
            305      1.3554449     0.05259326      1.0946014    0.043752317      1.6859568    0.066599407
            310      1.3234986     0.05061319      1.0543116    0.042177419      1.6807433    0.063096136
            315      1.3224232     0.11666695      1.0420658    0.091424949      1.7031303     0.15204202
            320      1.3891876     0.14588169       1.111089     0.11702547      1.7513019     0.18412164
            325      1.0178733    0.050333949     0.81940717    0.043783466      1.2764386    0.060408579
            330      1.1143527     0.07984524     0.89640776    0.067603245      1.3974616    0.096188236
            335     0.98500332    0.040993992     0.78771504    0.034301541      1.2432286    0.051425657
            340     0.79621698    0.029573045      0.6343159    0.023513432      1.0070323    0.039886561
            345     0.90707401    0.060162524     0.73267809    0.056741166      1.1299288    0.062503512
            350     0.69903588    0.026159497      0.5540466    0.020562807     0.88997009    0.035642496
            355     0.72809202    0.041155605     0.58490373    0.035680116     0.91289067    0.049775641
            360     0.81579236     0.13431455     0.69187085     0.12380993     0.94789054     0.15020611
            365     0.64274338    0.057388514     0.51594567    0.047265742      0.8073063    0.071714436
            370     0.52362724    0.022988789     0.41288636    0.018019847     0.67127258    0.031872296
            375     0.57548197    0.031626281     0.45594709    0.026304774     0.73344924    0.039942366
            380     0.47596224    0.022820405     0.37606422    0.018031229     0.60792593    0.031042328
            385     0.49984291    0.035564186     0.39518217    0.030624434      0.6402928    0.042543857
            390     0.48232551    0.027423203     0.38085229    0.021392471     0.61720008    0.036831296
            395     0.40351527    0.030228024      0.3318933    0.027089181      0.4845766    0.045743418
            400      0.4512285    0.056772443     0.35967871    0.049053918     0.57199626    0.066377433
            405      0.3867561    0.018953532     0.30635979     0.01476595     0.49144362    0.025743107
            410     0.34459541    0.021521443     0.27710097    0.018027611     0.43126193    0.028041733
            415     0.33217604    0.021665786     0.27029805    0.018307661     0.40697906    0.027214464
            420     0.32227714    0.021142921     0.25933916    0.017339171     0.40138597    0.027581257
            425     0.33106911    0.045656451     0.26908643    0.038599234     0.40697695    0.055395357
            430     0.28757768    0.018947264     0.22826236    0.015239777     0.36478582    0.025165835
            435     0.31804116    0.031309353     0.25104803    0.025860091     0.40791244    0.038921074
            440     0.25025714    0.019131901     0.20160067    0.015780326      0.3117973    0.024508203
            445     0.23896663    0.041637794     0.19125948     0.02911869      0.3009199    0.062413347
            450     0.22887344    0.017938058     0.18215066    0.014311929     0.28949483    0.024170756
            455     0.30084754    0.072198818     0.24312155    0.061588864     0.37294437     0.08395605
            460     0.18853638    0.017444689     0.14889295    0.013972271     0.24048961    0.022918423
            465      0.1848121    0.015303478     0.14537181    0.012307994     0.23751538    0.020584946
            470     0.17647376    0.025026006     0.13904476    0.020953372     0.22679262    0.030724809
            475     0.15584096    0.013907874     0.12615569    0.011438302     0.19204855    0.018497948
            480     0.14768401    0.012024376     0.11485608   0.0091281789     0.19282486    0.016902057
            485      0.1454422    0.012675435     0.11243156   0.0096373647     0.19129283    0.017761579
            490     0.17305756    0.017497767     0.13830756    0.014774526     0.21778819    0.022201722
            495     0.13573244    0.011340144     0.12442151    0.020594944     0.13949461    0.013193855
            500     0.15380161    0.023552137      0.1207745    0.017038051      0.1981268    0.034731248
            505     0.14623169    0.015688638     0.11774439    0.013216239     0.18232658    0.019372731
            510      0.1372336    0.027580653     0.10881083    0.020751712     0.17413763    0.037970621
            515     0.11984752    0.010976149    0.090342441   0.0081159962     0.16268283    0.015567859
            520     0.18117626    0.038881373     0.15046715    0.033977718     0.21697475    0.044891374
            525     0.14689376    0.024335161     0.11723982     0.02181147     0.18463488    0.032048638
            530    0.084036732    0.010459943    0.065656831   0.0080073497      0.1082578    0.014513897
            535    0.094089153   0.0092713262     0.07862275   0.0084182315     0.10985884    0.015012902
            540    0.083528739   0.0086618514    0.066935268   0.0065880486     0.10365154    0.012674544
            545    0.081187558   0.0098314151    0.065018569   0.0073708397     0.10080116    0.014073534
            550    0.061676299   0.0080072963    0.048910453    0.005854377    0.078004587    0.011987053
            555    0.084343484    0.016635094    0.067021965    0.011423046     0.10661885    0.025814089
            560      0.0956237    0.010085932    0.072418464   0.0076296623     0.12918793    0.014065193
            565    0.064316357   0.0076955276    0.049722837    0.005675803    0.084357244    0.011127856
            570    0.069297007   0.0086137878    0.054861083   0.0069229296    0.088133917    0.012094956
            575    0.067503877   0.0092128331    0.055133838   0.0075488421     0.08189998    0.012158177
            580    0.077247106    0.015179387    0.061846811    0.012929331     0.09759311    0.018347021
            585    0.086455531    0.022270049    0.067643189    0.016985391     0.11148809    0.030617654
            590    0.056561673   0.0073557317    0.043650748   0.0057540456    0.074285434   0.0097919377
            595    0.039498346   0.0064915233    0.032486311   0.0047749942    0.047235571    0.009831672
            600    0.051052559   0.0066664287    0.042682992   0.0064789684    0.058873458    0.011981969
            605    0.035574311    0.006422916    0.028808327   0.0049216164    0.043851533   0.0089902918
            610    0.040372362   0.0063057693    0.033191083   0.0047654969    0.047865118   0.0099027069
            615    0.038324232   0.0062294225    0.030794311   0.0048508499    0.047451929    0.008390033
            620    0.046989449    0.011016095    0.037154646   0.0096437445    0.060479291    0.012834774
            625    0.041426338   0.0066034577     0.03159437    0.005253809    0.055408346    0.008653608
            630      0.0433425   0.0070585481     0.03303563   0.0053497885    0.057734409   0.0096205834
            635    0.038287381   0.0091355357    0.031425788   0.0076893797    0.046312441    0.011284957
            640    0.024058779    0.004593575     0.01844874   0.0034098833    0.031777382   0.0065217868
            645    0.043246791   0.0090389078    0.033519724   0.0070630648    0.056681358    0.012207283
            650    0.036506043   0.0058331406    0.028060492   0.0042675721    0.048258268   0.0084702205
            655    0.023026358   0.0043412319    0.017477874   0.0032495269     0.03089189   0.0060333309
            660    0.036305118   0.0060906306    0.027430197     0.00479997    0.049199921   0.0081777939
            665    0.025459055   0.0046919337    0.019773386   0.0035365904    0.032977598   0.0065911666
            670    0.034379645   0.0063597762    0.026222992   0.0045978298    0.045718228   0.0092530168
            675     0.02339746   0.0048296882    0.017751555   0.0034627703    0.031426614   0.0072363726
            680    0.029074862   0.0068538772    0.021822618   0.0047682689    0.039387953    0.010395188
            685    0.042917775    0.014724004    0.034702068    0.012873972    0.053895728    0.017027907
            690    0.027981378   0.0067578657    0.021668583   0.0055404366    0.036966339   0.0084757337
            695    0.023053681   0.0042093611     0.01741937    0.003203556    0.030967894   0.0057420683
            700    0.027889291   0.0051872987    0.022653996   0.0041584078    0.033499606    0.007047917
            705    0.022780649   0.0054952851    0.018405374   0.0044479377       0.027985   0.0070793301
            710    0.014348209   0.0035853805     0.01162126   0.0028660346     0.01748437   0.0046522149
            715    0.024392244   0.0065975474    0.018526161   0.0045342764    0.032872855    0.010471203
            720    0.029178642    0.017801053    0.020866575    0.011843554    0.041871832     0.02773192
            725    0.016890295   0.0036009856    0.013099075    0.002831002    0.021812067   0.0048049645
            730    0.017294016    0.006289198    0.013996102   0.0049797716    0.021311122   0.0082756495
            735    0.014494528   0.0042322226    0.011071339    0.003149492    0.019319724   0.0059551819
            740    0.016717795   0.0042743342    0.013356654   0.0034561499     0.02103378   0.0055166718
            745    0.010040295   0.0031788483   0.0089411733   0.0024530036    0.010301063   0.0044476341
            750    0.011837972   0.0045883921    0.010516299   0.0035349688    0.012641142   0.0063945656
            755     0.01508561   0.0039793955    0.010945354    0.002840186    0.021441161   0.0058126704
            760    0.010172901   0.0029806669   0.0094227755   0.0026881419    0.010363726   0.0031437391
            765    0.024438701   0.0084660413    0.018960925   0.0066135652    0.031514173    0.011040037
            770    0.017499961    0.004933721     0.01243439   0.0034175917    0.025370492   0.0073948781
            775    0.014768661   0.0070000265      0.0121875   0.0062370832    0.018167618   0.0080093175
            780    0.010040512   0.0031784984    0.008215492   0.0024471146    0.011978721     0.00437991
            785    0.026135886   0.0091560248    0.021012244    0.008016819    0.032704566    0.010528872
            790   0.0070910039   0.0028225195   0.0054004724   0.0019230263   0.0092967127   0.0045179632
            795    0.020040177   0.0089327668    0.015778465   0.0072053066    0.026023169     0.01154247
            800   0.0091908267   0.0026530316   0.0077155315   0.0022854793    0.010465415   0.0032775759
            805    0.014936398   0.0056525798    0.012602323   0.0049004709    0.017267595   0.0064762613
            810   0.0050392913   0.0028132571   0.0044455906   0.0019670681   0.0051999409   0.0031511186
            815   0.0069821259   0.0023288371   0.0051546654   0.0017336186   0.0096903544   0.0032515539
            820   0.0061256889   0.0026523429    0.004861004   0.0019280662   0.0076202166   0.0039560948
            825   0.0045941338   0.0021655871   0.0035905512   0.0015514012   0.0058788189   0.0031783427
            830   0.0091882676   0.0030626027   0.0071193307   0.0021557009    0.011941555   0.0046394605
            835    0.021007618   0.0052542156    0.015943386   0.0041491335    0.028433051   0.0068727095
            840    0.004612126   0.0021719149   0.0036390355   0.0016637158   0.0058252756     0.00307209
            845   0.0045944291   0.0021656916    0.003186496   0.0014363014   0.0068575591   0.0034256094
            850   0.0096784646   0.0042993513   0.0069151378   0.0029449517    0.013950886   0.0065398734
            855   0.0099539566   0.0033373939   0.0082995079   0.0022489075    0.011615728   0.0061085915
            860   0.0092401574   0.0026677109   0.0067240355   0.0019482977     0.01301311   0.0037755235
            865   0.0062801377   0.0022249588   0.0042919292   0.0015346252    0.009595315   0.0034050482
            870   0.0061323228   0.0026542656   0.0054964488   0.0018941176   0.0064249213   0.0030084411
            875   0.0045941338   0.0018754535   0.0030580906   0.0012536611   0.0072335237     0.00296994
            880   0.0053598228    0.002296952   0.0041888189   0.0017285369   0.0069081693   0.0032839551
            885   0.0030627559   0.0018754535    0.002233996   0.0012631699   0.0043097835   0.0029179612
            890   0.0053598228    0.002296952   0.0048899606   0.0016545102   0.0056154921   0.0026007746
            895   0.0053598228   0.0020257213   0.0040921653   0.0015836436      0.0070725   0.0028052169
            900   0.0030627559   0.0015313014   0.0027627362   0.0014252924   0.0031788976   0.0016802581
            905   0.0022970669   0.0013261459   0.0020679331   0.0012489126   0.0024050984   0.0013904885
            910  0.00076568897    0.002296952 -0.00059402756   0.0034598689   0.0012010453   0.0018562628
            915   0.0076568897      0.0024212    0.005481437   0.0017395994    0.010975276   0.0034902022
            920   0.0053598228   0.0020257213   0.0040677756   0.0015509529   0.0072286219   0.0027862047
            925   0.0022970669    0.001712047   0.0020407481   0.0012525861   0.0023761812   0.0022597097
            930   0.0030649212   0.0015323851    0.002338622   0.0011716592   0.0040739173   0.0020449623
            935   0.0061255117   0.0021655871   0.0045720275   0.0016278585   0.0082996063   0.0029783824
            940   0.0022970669   0.0013261459   0.0015775788  0.00091201678   0.0034647638   0.0020036666
            945   0.0039272244   0.0020650804   0.0030319882   0.0015473729   0.0052422638   0.0029140578
            950   0.0022970669   0.0013261459   0.0015823032  0.00092024301   0.0034720078   0.0020248949
            955   0.0015313779   0.0018754535   0.0012376772   0.0030038199   0.0015666338   0.0016827377
            960   0.0046282677   0.0018896448   0.0033375788   0.0013713306    0.006565374   0.0027128047
            965   0.0038284448    0.001712047   0.0026152757   0.0011804062   0.0058361614   0.0026445052
            970   0.0030651968   0.0015325232   0.0026488189   0.0013721195   0.0032445689   0.0018656578
            975              0   0.0010827936  -0.0002001378   0.0020501218  8.9389774e-05  0.00059069201
            980  0.00088248035   0.0017673646 -0.00097580709   0.0029162662   0.0015048839   0.0012999871
            985    0.011294232   0.0070410548    0.010002087   0.0064437873    0.012388681   0.0076163348
            990   0.0015313779   0.0015313014   0.0013898819   0.0010637525   0.0015991536   0.0017157045
            995   0.0022970669   0.0013261459   0.0016330118  0.00094391843   0.0033172047   0.0019186619
           1000   0.0022970669   0.0013261459   0.0016330118  0.00094391843   0.0033172047   0.0019186619
