#  y_bbZ-ptj120        central        num_err    min (scale)        num_err    max (scale)        num_err
             -5              0              0              0              0              0              0
           -4.9              0              0              0              0              0              0
           -4.8              0              0              0              0              0              0
           -4.7              0              0              0              0              0              0
           -4.6              0              0              0              0              0              0
           -4.5    0.076568896    0.054139678    0.045836613    0.032458462      0.1357254    0.096158662
           -4.4              0              0              0              0              0              0
           -4.3   -0.038284448    0.038282533   -0.071537401    0.071533824   -0.021498031    0.021496956
           -4.2     0.53598227     0.14324012     0.34699311     0.09399522     0.88102363     0.23969883
           -4.1     0.72860333     0.17462341     0.47387106     0.11724502      1.1895797     0.28207371
             -4      1.2040571     0.25356483     0.84738287     0.18840381      1.8057343     0.37019431
           -3.9      2.9178749     0.37078918      2.1149664      0.2742332      4.2150856     0.54967488
           -3.8      4.6871456     0.47984374      3.3333455      0.3489583      6.9048623     0.70928555
           -3.7      6.1052184     0.53769908      4.4115374     0.40181444      8.8366506     0.77235474
           -3.6        12.6394     0.88875035      9.4468563     0.68955489      17.610388      1.2292935
           -3.5      17.133555      1.2085136      12.845402      0.9584823      23.711604      1.6152959
           -3.4      27.386789       1.309606      20.481582       1.051053      38.027833      1.7555638
           -3.3      39.268556      1.5087959      29.663058      1.1781562       53.73966      2.0568064
           -3.2      50.916694      1.7732394      38.789503      1.4069493      69.023586      2.3764923
           -3.1      70.259172      2.8223518      53.170784        2.01456      96.052431      4.2897111
             -3      94.617751      3.1757713      73.099081      2.6593944      126.01206       3.986576
           -2.9      113.49573      3.1871096      87.944428      2.6668353      150.68474      4.0306422
           -2.8      144.42963      6.8055444      112.40983      5.6820709      190.64023      8.2620805
           -2.7       172.3052      4.7293976      134.84394      3.9129041      225.52139      5.9038602
           -2.6      193.08789      4.6678712       150.9912      3.5866107      252.94909      6.4247814
           -2.5       227.3678      4.8410361      179.33192      4.1198815      294.73268      5.9174997
           -2.4      260.80985       5.248835      205.87554      4.3384761      337.53843      6.5825659
           -2.3      295.24663      11.039885       234.6603       9.099903      378.60424      13.580421
           -2.2      309.39345      5.0983309      244.05755      4.1919452      400.82519      6.4908728
           -2.1      351.23725      6.7901748       278.6959      5.6130075      451.60196      8.4473688
             -2       386.9036      7.8427476      307.75071      6.5437825      495.82218      9.6314813
           -1.9      399.54083      7.7856237       318.1106      6.5470848      512.63435      9.6814376
           -1.8      433.31403      8.5707802      345.60202      7.3345203      553.26442      10.228608
           -1.7      452.12448      7.2188327      359.64964       5.957124      578.73782      9.0251788
           -1.6      472.75074      6.9075641      376.88429      5.7484122      603.49575      8.5668226
           -1.5      497.60738      8.3120903      398.82361      7.0145985      630.94847      10.293405
           -1.4      530.42183      10.178992      423.81257      8.6010169      675.31716      12.348821
           -1.3      536.63582      8.4081412      430.02507      7.0751684      680.08604       10.41801
           -1.2      557.58549      10.088488       446.5431      8.4040673      706.94638      12.430982
           -1.1      548.66099      10.020443      439.17694      8.2974408      695.99087      12.770685
             -1      585.39671      13.644917      471.73833      11.451608      736.46605      16.574984
           -0.9      571.62937      8.8629553      457.23644      7.3979997      725.87808      10.901591
           -0.8      574.32912      11.620104       459.2208       9.724015      729.31006      14.171733
           -0.7       566.3082      8.2594866      452.50659      6.6222639      719.34114      10.759227
           -0.6      580.96558       8.810684      465.38993      7.3231657      736.00515      10.997569
           -0.5      600.58355      8.9778315      482.41071      7.5601404      758.31103      11.064782
           -0.4      606.35459      12.179337      486.88164      9.9271218      765.43677      15.463551
           -0.3      596.35963       7.903058      477.51357      6.6040294      755.37323      9.7954813
           -0.2       601.5856      10.355014      482.74699      9.0917702      760.24568      12.009969
           -0.1      610.91188      8.9043958      489.83595      7.5748854       772.4957      10.853674
              0      605.65892      11.684882       485.0623      9.6798482      767.23347      14.416928
            0.1      585.87707      8.1003501      469.63549      6.7819525       741.0077      10.041786
            0.2      602.71708      9.2779802      482.74941      7.7022167      763.33806       11.62888
            0.3      588.69296      7.7597823      470.80101      6.3171885      747.07291      9.9393227
            0.4      613.87036      13.082807      493.60689      11.062615      773.89323      15.759061
            0.5      596.52822       9.294377       479.2049      7.7299433      752.59784      11.856975
            0.6      589.22116      8.8701203      473.15177      7.3956401      743.90224      10.985792
            0.7      582.01869      9.4792816       466.3049      7.9333821       737.6281      11.729623
            0.8      558.55279      8.0850684      449.27842      6.8553553       703.5856      10.307585
            0.9      571.97999      11.035456      458.55775      9.0465088      723.67722      14.018296
              1      564.44888      11.380985      452.16897      10.248281      715.58707      13.464462
            1.1      540.92598      8.0369963      432.97966        6.70399      686.22637       9.969996
            1.2      520.48501      7.7858406      414.90319       6.546971      664.01465      9.5622453
            1.3      517.00569      8.2738959      413.65487      6.9568814      656.85137      10.113077
            1.4      489.86093      6.6387615      390.12022      5.4710899      626.08139      8.3622384
            1.5      475.35584      7.1777585      379.92287      6.1276039      605.03137      8.6832592
            1.6      447.80188      7.3913666      355.80847      6.1243879      573.93711      9.2225557
            1.7       415.5301      6.7714707      330.58999      5.6859449      531.12542      8.6250841
            1.8      407.80394      7.9601083      324.34913      6.5100959      522.29733      10.131032
            1.9      383.11594      6.9426306      305.42956      5.9380761      489.59382      8.3488399
              2      362.46253      9.0383564      288.13622      7.3048956       464.6782        11.6262
            2.1      302.91142      4.4583589      238.50913      3.6224669      393.19592      5.8198306
            2.2      283.54117      4.9458506      224.55068      4.1182412      365.41253      6.1691756
            2.3      255.16477      5.8277556       201.9832       4.973097      329.08422      7.0640232
            2.4      231.10531      5.4046153      180.30407      4.1111761      303.70321      7.5413447
            2.5      190.22359      3.7251486      148.56737      3.0566314      249.56724      4.8130809
            2.6      158.30192      3.0313651      123.48116      2.4603173      208.05535      4.0034192
            2.7      135.14607      3.0734153      105.43679      2.5026446      177.58051      4.0262469
            2.8      115.56412      3.2151034       89.21237      2.6312363      153.98738      4.0985675
            2.9      85.056114      2.4705798      66.327431      1.9742587       111.7865      3.3921023
              3      68.326469      2.4016063      52.368527       1.963083      91.951807      3.0845315
            3.1      51.749641      1.9400555      39.285778      1.5289219      70.353739      2.6003742
            3.2      37.990093      2.0731566      29.001181      1.7393306       51.34271       2.588009
            3.3      27.090804       1.329096      20.337991      1.0613119      37.448618      1.7734908
            3.4      18.969331     0.97777429      13.867576     0.73835561      27.045161      1.3911004
            3.5      12.964303     0.99424343      9.7306541     0.77976097       17.95788      1.3502593
            3.6      7.6892595     0.84579175      5.7011582     0.64004593      10.779387      1.1786356
            3.7      4.9121899     0.53025601      3.5481319     0.39801553      7.1247972     0.75701353
            3.8      2.8570826     0.54932858      2.0970433     0.45171925      4.0640394      0.6998854
            3.9      1.4822795     0.39073264       1.078249     0.32249369      2.1620059     0.49714458
              4     0.74469093     0.18604722     0.54798927     0.13508619      1.0617461     0.29273035
            4.1     0.15313779    0.076565067     0.11371457    0.057247869     0.20253445     0.10392366
            4.2     0.22970669    0.093772673     0.15336614    0.063223295     0.36407087     0.15060407
            4.3              0              0              0              0              0              0
            4.4     0.14435728     0.11276468     0.10656299    0.084082483      0.1988435     0.15344912
            4.5              0              0              0              0              0              0
            4.6              0              0              0              0              0              0
            4.7              0              0              0              0              0              0
            4.8              0              0              0              0              0              0
            4.9              0              0              0              0              0              0
              5              0              0              0              0              0              0
