#   y_j1-ptj120        central        num_err    min (scale)        num_err    max (scale)        num_err
             -5              0              0              0              0              0              0
           -4.9              0              0              0              0              0              0
           -4.8              0              0              0              0              0              0
           -4.7              0              0              0              0              0              0
           -4.6              0              0              0              0              0              0
           -4.5              0              0              0              0              0              0
           -4.4    0.081953739    0.058058354     0.06209055    0.043903268     0.11165354    0.079278869
           -4.3     0.24509842     0.10057129     0.17933268    0.075561989     0.35378149     0.14487265
           -4.2     0.60668405     0.16702635     0.45056497      0.1215099     0.84731889     0.24433961
           -4.1      1.6772982     0.29148751      1.2863533     0.22948601      2.2657992     0.38806336
             -4      2.7477756     0.38336877      2.1655295     0.32003311      3.5674636     0.47854097
           -3.9      4.2353869     0.51608399      3.4534556     0.42384436      5.2461319     0.68378728
           -3.8      9.8130855     0.91577959      7.7325453     0.74573102       12.69377      1.1548547
           -3.7      11.807258     0.85869693      9.4375599     0.68037873      14.943091      1.1602901
           -3.6      21.394615      1.5268845      17.039444      1.2978321      27.291265      1.8396848
           -3.5       27.98583      1.1648491      22.151149     0.91546937      35.928179      1.6267234
           -3.4      45.018147      5.9221527      35.932915      4.9329266      57.315853      7.2411878
           -3.3      48.651768      1.6408135      38.269192      1.3001234      63.021553       2.206345
           -3.2      67.705643      2.6560035      53.594148      2.1781989      86.936642      3.4274437
           -3.1      82.750017      2.9123809      65.558604       2.175453      106.18752      4.1029689
             -3       106.9939      3.2001615      85.075364      2.6653461      136.91949      4.0040098
           -2.9      135.27227      6.5939605      107.69671      5.3788188      172.62955      8.2192016
           -2.8      153.04238       3.791543       121.4197      2.9341642      196.22126      5.3862185
           -2.7      179.60841      4.9640837      142.91593       3.980017      229.71386       6.421892
           -2.6      211.06539       5.672083      167.95672      4.7706024      269.80658      6.9981175
           -2.5      223.37939      4.2006977      177.93171      3.4707119      286.41986      5.6327956
           -2.4      265.91543      8.5843825      213.76175      7.3369947       335.4256      10.524168
           -2.3      286.06379      4.8971803      227.83002      4.0279278      365.34891      6.2006406
           -2.2      308.37815       6.058593      246.54273      4.9705919      391.91389      7.6846672
           -2.1      345.12741      8.8296795      276.97171      7.6853044      436.87368      10.313484
             -2      371.70369       7.011949      295.87652      6.0543734      475.40042      8.3337128
           -1.9      385.96091      5.6623533       306.5596       4.604322      494.84109       7.264531
           -1.8      425.79903      8.3383143      339.93703      7.1175786      542.74036      10.000848
           -1.7      441.49031       7.645591      352.59407      6.3169959      562.37155      9.5880099
           -1.6      452.79799      9.4376705      360.69656      7.8608893       578.3939      11.585208
           -1.5      480.41471       10.69873      383.46684      9.0220662      612.31368      12.933046
           -1.4       492.4531      8.8803794      393.03704      7.5085428      627.82554       10.79657
           -1.3       504.0829      8.9488242      402.79432      7.7998717      641.77307      10.449303
           -1.2      519.61014      7.5413184      414.51175      6.2309308      662.78179      9.5618589
           -1.1      555.73316      10.871208      442.03221      8.8234403      711.44938      13.739331
             -1      556.33666      8.6807023      444.64196      7.1723481      707.53752      10.885523
           -0.9      562.60954      8.4574342      449.36063      7.1071407      716.58113      10.422574
           -0.8      582.15383      10.795777      464.38129      8.9701836      742.53341      13.367714
           -0.7      600.71585      11.563501      479.26637       9.538637      766.10443      14.382831
           -0.6      597.60703      9.5098014      476.90923      7.9515444      761.79737      11.652413
           -0.5      585.06367      7.5009834      465.74796      6.2587302      747.83289      9.4012258
           -0.4      620.85218      8.8260599      494.15048      7.4045569      794.31486      10.884422
           -0.3        614.501      9.7223574      488.17406      7.9156507      787.59303      12.468607
           -0.2       601.7871      8.9218826      479.72869      7.3890204      767.96404      11.140712
           -0.1       621.0879      11.543562      495.74195      9.5030209        791.373      14.325727
              0      586.52789      7.1017539      467.24471      5.9362561      749.02468      8.9184465
            0.1      619.45846        12.1915      493.79356      10.212834      790.50786       14.85077
            0.2      615.99719        8.08968       489.7963      6.7436303      788.38388      10.052243
            0.3      612.46615      12.239538       487.8963      10.167096      782.66869      15.129193
            0.4      606.76992      10.215568      484.83329      8.8939874      771.80666      12.404152
            0.5      621.39034       14.59194      499.01316      13.069441      785.68011      16.731612
            0.6      585.70429      8.2894378      465.21271       6.784236      750.87603      10.593995
            0.7      581.31147       8.720231      464.13863      7.3372074      740.37293       10.70768
            0.8      561.19519      8.4520052      447.46287      7.0746923      716.16724      10.452383
            0.9       550.3316      8.0098153       439.0642      6.6293777      701.55066      10.019174
              1       562.7729      11.089908      449.19485      9.2564687      717.18792      13.643261
            1.1      506.29064      7.0472234      404.78144      5.9120963      643.86025      8.7748823
            1.2      520.11589      9.8539314      414.38138      8.1826451      664.48271      12.172221
            1.3      491.46991      9.4701843      391.78963      7.5885632      627.22261      12.375415
            1.4      473.90719      8.7114017      379.63824      6.9996766      601.36348      11.407301
            1.5       461.1541        7.21254      366.95566      5.6742589      589.76503      9.7086826
            1.6      428.11246      7.9469021      342.06594      6.6117594      545.01761      9.9125557
            1.7       412.4394      7.0607846      328.01326      5.8903625      527.97945      8.7770831
            1.8       387.1867      6.5524044      307.88568      5.4236858      495.59339       8.192659
            1.9      348.17518      4.8900789      278.03386      4.1450137      442.83725      6.8393371
              2      332.24807      5.0747987      264.53955      4.1298178      424.28119      6.6378941
            2.1      301.40928      4.8930406      239.69816      4.0722345      385.77551      6.1354699
            2.2      278.60656      5.3716256      224.45526      4.6151064      350.05934      6.8891328
            2.3      253.61033      4.9820746      201.45814      4.1676427      325.20229      6.1870328
            2.4      225.46438       4.316264      179.54055      3.5954635      287.85338      5.4673759
            2.5      204.22226      5.2379198      162.68529      4.1650937      260.32004      6.9185068
            2.6      171.60278      3.3671312      135.93571      2.7340063      220.53511      4.3579606
            2.7      151.73368      3.4016402      119.47573      2.7213671       196.5691      4.4482179
            2.8       126.8054      2.8382465      100.13559      2.3172197      163.68686      3.6621863
            2.9      103.41349      2.6521063      82.573797      2.1698381      131.23062      3.4940228
              3      83.197128       3.911441      65.256056      3.1519061      108.29921      4.9677173
            3.1      69.560968      2.2383196      55.230127      1.8878239      89.146244      2.8085739
            3.2      50.025401      1.8137082      39.442601      1.4694332      64.631954      2.3508071
            3.3      41.481875       1.542013      32.929055       1.243101      53.093734      2.0387298
            3.4      27.145427       1.284174      21.644998       1.057904       34.63166      1.6413836
            3.5      20.561815       1.520723      16.113139      1.2962959      26.825441      1.8310696
            3.6      13.614693     0.87527078      10.842735      0.7061292      17.376767      1.1561462
            3.7      8.8420107      0.6697313      6.9420197     0.53135078      11.500957     0.90634641
            3.8      4.7824064     0.45541769      3.6948766     0.34959728      6.3096821     0.63540751
            3.9      2.6448681     0.36234915      2.1060906     0.28602847       3.392752     0.48494007
              4      1.1902854     0.29325655     0.92502855      0.2390098      1.5625319     0.37581195
            4.1     0.66938385     0.17133832     0.53838485     0.13987149     0.84313583     0.21633113
            4.2    0.038284448    0.038282533    0.034542324    0.034540596    0.039347442    0.039345474
            4.3    0.038284448    0.038282533    0.028002953    0.028001553    0.052915355     0.05291271
            4.4              0              0              0              0              0              0
            4.5              0              0              0              0              0              0
            4.6              0              0              0              0              0              0
            4.7              0              0              0              0              0              0
            4.8              0              0              0              0              0              0
            4.9              0              0              0              0              0              0
              5              0              0              0              0              0              0
