#        eta_bx        central        num_err    min (scale)        num_err    max (scale)        num_err
             -5      670.60602      6.7248161      526.14889      5.0117797       1008.741      36.060511
           -4.9      768.32778      7.2617757      602.27178      5.4387926      1211.1348      43.589423
           -4.8      854.83986      7.5810412       669.5122      5.6647431       1249.998      37.844184
           -4.7      958.66518      8.0990899      751.49097      6.0326246      1511.8882      38.747254
           -4.6      1078.9932      8.5964041      846.15293      6.3451606       1619.717      46.406759
           -4.5      1208.1179       9.016967      946.98467      6.7185236       1852.729      47.963879
           -4.4      1337.8944       9.440324      1050.3688      7.0389732      2032.1796      52.584995
           -4.3      1471.0297       10.09072        1156.73      7.5815272       2245.761      51.925097
           -4.2      1613.5848      10.843107      1269.1105      8.2973947      2495.4381      49.813838
           -4.1      1761.4731       10.79905      1384.4281      8.0619128      2690.3147        55.9946
             -4      1951.2985        11.4199      1533.4181      8.5663731       2983.458      58.879312
           -3.9      2141.0979      11.854951      1683.7289      8.8962726      3233.3931      62.839161
           -3.8      2274.7107      12.282614      1792.0222      9.1949818      3450.1357      65.543435
           -3.7      2468.8715      12.732556      1943.1478      9.5513129      3743.3599       65.65374
           -3.6      2632.2508      13.112876      2074.6084      9.9128228      3919.0924      64.080508
           -3.5      2810.8636       13.52371      2218.0238      10.216458      4243.1001      66.466806
           -3.4       3036.733       14.03228      2397.4614      10.608009       4540.501       74.56735
           -3.3      3195.5596      14.368783      2523.4874      10.867849       4785.112      70.135593
           -3.2      3397.4641      14.741555      2679.3413      11.151005      5025.7802      72.840691
           -3.1      3576.4113      15.271819      2827.1053      11.599097      5181.7638      76.220066
             -3      3753.1125      15.529749      2968.2747      11.739451      5425.0108      74.552623
           -2.9      3958.2598      15.832438      3128.0398      12.018341      5897.4708      79.251183
           -2.8      4140.0298      16.195552      3279.1716      12.550551      5862.0882       79.20991
           -2.7      4321.2829      16.397072      3419.6779      12.482791      6182.4045      76.823366
           -2.6        4506.65      16.751209      3568.4029       12.74774      6462.7443      78.442295
           -2.5       4650.493      16.985333      3684.8526      12.976477      6767.1671      73.989268
           -2.4      4853.2506      17.267506       3841.681      13.278373      7076.2235      81.747713
           -2.3      4979.5781      17.481307      3947.6135      13.393814      7237.1073      81.678811
           -2.2      5132.0244       17.69036      4068.0455      13.483563      7427.2041      84.314157
           -2.1      5307.0847      18.127345      4207.0038      13.874353      7551.8774      85.420308
             -2      5403.8648      18.364429      4286.8232      14.845152       7880.351      82.775241
           -1.9      5520.2551      18.179766      4378.7197      13.929709      7873.0539      83.640648
           -1.8      5657.7405      18.441241      4491.4923      14.114523      8128.7077      80.506964
           -1.7      5782.4781      18.616777       4593.804      14.667678      8177.8032       85.33887
           -1.6      5841.0751      18.826311      4641.9067      14.391135      8163.7888      83.375149
           -1.5      5887.6368      18.704653      4675.8904      14.300163      8261.3611      77.416796
           -1.4      5972.6148      18.817079      4748.3135      14.477386      8417.2162      79.960051
           -1.3      6051.6941      18.856865      4810.7149      14.497286      8467.9324      82.376596
           -1.2       6090.598      18.953554      4844.2675      14.591024      8629.4716      79.267458
           -1.1      6115.8185      19.059908      4866.7266      14.768846      8424.5078      81.798577
             -1        6154.53      19.045073      4894.0095      14.629726      8675.4301      83.517395
           -0.9      6134.9404      19.083987       4887.128      14.770511      8559.7889      81.716022
           -0.8      6178.4932      19.019613      4918.7562      14.674387      8647.7776      78.605668
           -0.7      6188.2353      19.031996      4927.1688      14.641067      8645.6514       80.85176
           -0.6      6138.0074      19.035025      4888.9869      14.825542       8442.686      80.754617
           -0.5      6132.3078      18.872077      4884.5704      14.640109      8407.7739      76.135496
           -0.4      6143.4489      18.877492       4893.017      14.584897      8588.6379       76.25124
           -0.3      6122.2719      18.913593      4880.2343      14.638479      8381.4816      79.760615
           -0.2       6168.187      18.951848      4917.7198      14.722941      8563.6563      75.507613
           -0.1      6147.7491      19.009272      4893.8513      14.588731      8557.6888      80.645824
              0      6106.9935       18.95885       4867.334      14.674216      8375.3898       84.72708
            0.1      6096.7147      18.851718      4854.2147      14.496562      8458.9958      79.703449
            0.2      6128.7708      18.953543      4877.4271      14.567369      8504.8938      79.900279
            0.3      6169.8088      19.048302      4915.8377      14.772509      8610.0741      80.811633
            0.4      6185.7511      19.076037      4926.8564      14.718685       8631.511      78.881713
            0.5      6158.3317       19.13087      4904.4905      14.730732      8463.4559      80.774586
            0.6      6175.9653      19.019675      4915.5565      14.671307      8611.2691      79.635593
            0.7      6147.6149      19.034176      4896.9484      14.702898      8681.9047      80.771208
            0.8      6149.6505      19.050845      4896.4868      14.660572      8494.2369      76.775946
            0.9      6139.1696       19.10123      4886.2614      14.653196      8518.8283      80.981114
              1      6095.8713      19.088348      4853.4533      14.720687      8616.7832       82.73777
            1.1      6078.8373      18.956181      4828.4256      14.551257      8500.5696      80.717187
            1.2      6064.6285      19.243647      4822.7063      14.688788      8448.1902      79.576735
            1.3      5976.2682      18.866864      4747.9505        14.4408       8396.133      83.181887
            1.4      5916.8854      18.776304      4701.6557      14.436733       8397.122      83.248903
            1.5      5866.1205      18.794519      4656.9652      14.362782      8285.5221      86.073256
            1.6      5730.5813      18.732207      4551.1993      14.480167      8088.0444      87.005766
            1.7      5622.5292      18.634632      4461.8767        14.1772      7959.7417      81.419384
            1.8       5523.344      18.325651      4384.5007      13.990927      7920.2332      86.433164
            1.9      5406.9159      18.187646      4286.2615      13.866239      7768.0842      85.335806
              2      5267.0881      18.043459      4176.2294      13.874288       7448.707       90.44134
            2.1      5118.9534      17.739976      4059.1031      13.542126      7375.4951       77.26532
            2.2      4982.8226      17.597535      3950.6393      13.499618      7111.9549      83.733384
            2.3      4856.9236       17.43216      3843.5881      13.188176      7107.6852      80.320939
            2.4       4653.773      17.189263      3688.9315      13.022258      6683.1879      81.238954
            2.5      4486.1418      16.809472      3548.6835       12.69123      6627.8644      84.882256
            2.6      4308.4297      17.019625      3412.3036      13.216169      6255.6872      80.417319
            2.7      4123.3496      16.569274      3261.5818      12.480838      5967.0605      76.990816
            2.8      3981.7758      16.384137      3143.5693      12.284718      5811.3756      81.364043
            2.9      3757.7391      15.574565      2971.2453      11.750776       5377.088      80.376198
              3      3594.2847      15.333988      2836.4137      11.511905      5206.7867      78.441247
            3.1      3412.5768      14.999218      2692.4563      11.233275      5024.1802      76.165732
            3.2      3196.8544      14.508738      2520.9386      10.895506       4696.973      71.474337
            3.3      3013.9249      14.223955      2378.4214      10.630537      4504.7184      65.311993
            3.4      2812.7355      13.910443      2221.0851      10.629269      4130.2798      70.189801
            3.5      2634.2904      13.397601      2075.9386      10.046252       4024.426      72.134071
            3.6      2463.1748      12.908095      1940.6666      9.6122458      3674.5768      67.267311
            3.7      2266.0776      12.447813      1784.9839      9.2788967      3521.3593      61.849311
            3.8      2112.1375      12.045108      1663.9162      8.9338335      3102.2422      63.397326
            3.9      1940.8228      11.565169      1526.8132      8.5951541      2917.7038      63.648708
              4      1772.7974      11.040998      1395.3865      8.1713928      2650.9902      62.818276
            4.1      1628.9752      10.519192      1278.9531      7.8346498      2616.6301      55.733339
            4.2      1468.6315      10.168336      1154.7233      7.5632901      2206.5275      53.697995
            4.3      1336.5384      9.6934192      1049.1688      7.2176605      2080.2717      55.879112
            4.4      1199.4912      9.1485109      940.80675      6.7544771       1739.892      50.761943
            4.5      1084.5556      8.7031472      850.49541      6.5254114      1724.5427      47.503631
            4.6      970.94293      8.3148518      760.43148      6.1446015      1520.9298      43.428733
            4.7      857.22346      7.7896846      672.41104      5.7444775      1332.3652      45.977413
            4.8       763.4507      7.2782844      596.47159      5.3677206       1245.004      41.381344
            4.9      677.84143      6.8608912      530.31281      5.0692053      1001.1184      36.145406
              5      677.84143      6.8608912      530.31281      5.0692053      1001.1184      36.145406
