#  pt_bbZ-ptj60        central        num_err    min (scale)        num_err    max (scale)        num_err
              0      1.5627394    0.038913979      1.2414598    0.030528191      2.0993966    0.064043294
              5      5.2737575    0.072079489      4.1493249     0.05610517      6.9620664     0.09925403
             10      9.8003609    0.098108507      7.6953824    0.078658705      13.006198     0.17477677
             15      14.555493     0.11838536      11.423101    0.092498485      19.105518     0.16216107
             20      19.990893     0.14081687      15.661319     0.10919528      26.244146     0.19334438
             25      25.393158     0.15435068      19.889554     0.12011621      33.309811     0.20967441
             30      31.781608      0.1825454      24.889814     0.14047945      41.665358     0.25079151
             35      37.731253     0.18758061      29.628892     0.14655947      49.349217     0.26510627
             40      45.040713     0.20546422      35.402326     0.16092914      58.724235     0.27837908
             45      53.177764      0.2228483      41.857625     0.17463129      69.205578     0.30266887
             50      63.345645     0.24772998      50.097722     0.19393878      81.858059     0.33626115
             55      74.120669      0.2610146      58.821975     0.20606782      95.293799     0.35209009
             60      89.453809      0.2840029      71.348573     0.22658285      114.26525     0.39542571
             65      95.096707     0.29596689      75.975245     0.23498275      121.10798     0.39603543
             70      95.232515     0.29333533      76.249511     0.24283936       120.9504     0.40096116
             75      90.971534     0.29040784      72.813428     0.23199151      115.55415     0.39322873
             80      85.331085     0.27682447      68.329255     0.22017682      108.31822     0.36850753
             85      78.483326     0.27370332      62.773596     0.21553207      99.700351     0.36835016
             90      71.655082     0.25224139       57.40469      0.2024557      90.730649     0.34396142
             95      64.876138     0.24039307      51.795277     0.19028352      82.495094     0.32271133
            100      58.098968     0.22735718      46.355516     0.17996064      73.902706     0.30654924
            105      51.981405     0.21427808      41.480952     0.16979976      66.098199     0.28902247
            110      46.802806     0.20793006      37.287757     0.16335292      59.618353     0.28170031
            115      41.584428     0.19453193      33.076351     0.15248224      53.058741     0.26246455
            120      37.382578     0.18321753      29.741942     0.14445875      47.670723     0.24811332
            125      33.205722     0.17170878      26.370824     0.13441978      42.442334     0.23139143
            130      29.466496     0.16284962      23.414186     0.13015468      37.619435     0.22618855
            135      26.545461     0.15445663      21.088081     0.12156332      33.902471      0.2106092
            140       23.18143      0.1444654      18.466314     0.12479547      29.481115      0.2105216
            145      21.292829     0.13974352      16.866294      0.1088528      27.282386     0.19025909
            150      18.860567     0.13177099      14.957118     0.10320353      24.113859     0.18036761
            155      16.987726      0.1269014      13.468346    0.098883025      21.719443     0.17561231
            160      15.245329     0.11776979      12.095476    0.092615748      19.469759     0.16291575
            165      13.783712     0.11189433      10.911529    0.087405312        17.6552     0.15485223
            170      12.431117     0.10681738      9.8305607    0.083288074      15.943871     0.14624905
            175      11.541791     0.10163319      9.1205458    0.079262122      14.809055     0.13893118
            180      10.132449    0.096595073      8.0063997    0.075335812      12.998186     0.13347178
            185      9.1094488    0.090456053      7.1878404    0.070162539      11.700089     0.12402038
            190      8.3714772    0.087174088      6.5911113    0.067543947      10.787627     0.12080304
            195      7.7073589    0.085089247      6.0936777    0.066248292      9.8735348     0.11808882
            200       7.073386    0.080292652      5.6054231    0.062819362      9.0306963     0.11289098
            205      6.4462944    0.076167722      5.1050018    0.061828736      8.2356024     0.11246426
            210      5.8422955    0.074210347      4.6076055    0.057090834      7.5043624     0.10223497
            215      5.2342771    0.071233558      4.1445278     0.05509745      6.6833364     0.10015409
            220      4.8098849     0.06637108      3.7928484    0.051263994      6.1778782    0.091608714
            225      4.5782494    0.064674826       3.599861    0.049693497      5.9010686     0.08912811
            230      4.1246997    0.061203596      3.2438964      0.0474183      5.3152623    0.084998218
            235      3.7620793    0.079498168      2.9579136     0.05799386      4.8481129     0.11519114
            240       3.458091    0.055790687      2.7239752    0.043047228      4.4443981    0.077844311
            245       3.179323    0.053367664      2.4968862    0.041144357      4.1030707    0.073107833
            250      2.9787844    0.057952497      2.3404516    0.043524324      3.8395118    0.083258511
            255       2.786621    0.051758604      2.1968451    0.039744428      3.5763586    0.073556854
            260      2.5098223    0.047610256      1.9774979     0.03689507      3.2206099    0.066279037
            265      2.3352811    0.046576883      1.8447868    0.036150184      2.9878315    0.064788542
            270      2.1569737    0.044144883      1.6884254    0.033700319      2.7936346    0.061413609
            275      2.0426349    0.044321069      1.6128483    0.033952308      2.6136009    0.062278801
            280      1.8945873    0.041733451      1.4950817    0.032140774      2.4249408    0.058404236
            285      1.7562382    0.040148291      1.3864372    0.031394174      2.2469912    0.058059777
            290      1.5504981    0.037364225      1.2188605    0.028701913      1.9941832    0.051784796
            295      1.4637897    0.036610239      1.1457105    0.027921566      1.8947074    0.051022573
            300      1.4358105    0.036216875      1.1285028    0.027745607      1.8480421    0.050946161
            305      1.2377807    0.033881788     0.98651941    0.026363445      1.5611586    0.048392992
            310       1.203445    0.033798494     0.94168765    0.025640652      1.5576446    0.047404072
            315      1.1264108     0.03211032     0.87535909    0.024338977      1.4718096    0.044981868
            320      1.1150492     0.03628269     0.87752745    0.027340174      1.4309361    0.052611245
            325     0.89447019    0.029262094     0.70429173    0.022108753       1.147163    0.042293119
            330     0.94967289    0.029067869     0.74907772    0.022236796      1.2153745    0.041282748
            335     0.89671342    0.028731607     0.70649108    0.022139085      1.1484706    0.040129692
            340     0.76567707    0.026437672     0.60345623    0.020079059     0.97942762    0.037499237
            345     0.79712266    0.026109999     0.62851316    0.020786665      1.0190362    0.037157435
            350     0.68676712    0.025087146     0.54047892    0.019285777     0.88121178    0.035054028
            355     0.66121027    0.026548404      0.5201054    0.019915974     0.84742005    0.038262686
            360     0.59979403    0.024152983     0.49326741    0.026528902     0.72100041    0.056128297
            365     0.54959338    0.029703506     0.42971619    0.021432258     0.71079108    0.043605406
            370     0.51157008    0.021924627     0.40026533    0.016749882     0.66091272    0.031390201
            375     0.54576831    0.023445233     0.42605763    0.017715303     0.70692556    0.033179866
            380     0.45535305    0.020546118     0.35633295    0.015578461     0.58741053    0.029259076
            385     0.44955618    0.020193783     0.34815155    0.015268616     0.58842188    0.028236557
            390      0.4461302    0.020752206     0.34954426    0.015788674      0.5752885    0.029032144
            395      0.3616974    0.018551099     0.29365401     0.01687473     0.44013614    0.037372859
            400     0.37259718    0.018595962     0.29078437    0.014077938     0.48225526    0.025839939
            405     0.38177077    0.018737109     0.30053293    0.014372453     0.48839211    0.025870548
            410     0.31951947    0.017469136      0.2518697    0.013212981     0.40875138    0.025100279
            415     0.30529142    0.016576884     0.24463878    0.013004774     0.37993256    0.022925921
            420       0.295396    0.016967936     0.23429498    0.013054301     0.37359092    0.024018189
            425     0.26789793      0.0156423     0.21367821    0.011965314     0.33532583    0.023183985
            430     0.27203132    0.016000251     0.21303921    0.012130426     0.35006744    0.022749053
            435     0.27512787    0.016094429     0.21327319    0.012011765     0.35969711    0.022831463
            440     0.22210346     0.01451701     0.17555821     0.01105464     0.28202807    0.020506426
            445     0.25229338     0.03311335     0.19639262    0.022382145     0.32761843      0.0513093
            450      0.2087487    0.014416727     0.16426704    0.010794416     0.26691804    0.021144347
            455     0.20595994    0.013568644     0.16236358    0.010565449     0.26229421    0.018970867
            460     0.17332425    0.013031535     0.13554311   0.0097043208     0.22336921    0.018731818
            465     0.17705185    0.013501009     0.13740684    0.010017691     0.23062776    0.019463774
            470     0.15463827    0.012421218     0.11942142   0.0091293159     0.20296927    0.017925504
            475     0.14740092    0.012174637      0.1167024   0.0091725899     0.18592845    0.017469033
            480     0.14508526    0.011789737     0.11171254   0.0087191823     0.19147726    0.016942339
            485     0.14055516    0.011974715      0.1073745   0.0087233319      0.1872863    0.017469586
            490     0.15283746    0.011973682     0.11974719   0.0091269163     0.19632096    0.017518878
            495     0.13177681    0.010708163     0.12067636    0.020331187     0.13546148     0.01260932
            500     0.14377092    0.023747602     0.11066241     0.01605183      0.1891292    0.036793067
            505     0.12937866    0.010910238     0.10190722   0.0083883364     0.16501482    0.015076021
            510     0.10715508   0.0099915201    0.085514376   0.0077180362     0.13430138    0.014207253
            515      0.1184439    0.010542484    0.088980867    0.007709301     0.16135778    0.015148314
            520     0.11085211    0.010619563    0.089654429   0.0084440358     0.13589615     0.01682257
            525     0.14961728     0.03814254     0.11661435    0.031842958     0.19331921    0.052260538
            530    0.079989015   0.0090203546    0.062062146   0.0066547888     0.10378714    0.013075881
            535    0.095312637   0.0094396817    0.079263892   0.0084898344     0.11199395    0.015264646
            540    0.083363444   0.0086851027    0.066619992   0.0065832492      0.1037685     0.01274179
            545    0.076035984   0.0087935426    0.060758969   0.0064425608    0.094459941    0.012978848
            550    0.061323346    0.007994321    0.048564567   0.0058170324    0.077657598    0.012027449
            555    0.082819349    0.016507116    0.065056946    0.011219961     0.10598252    0.025787633
            560    0.093345748   0.0095635341    0.069896358   0.0070084661     0.12757904    0.013718077
            565    0.061558996   0.0076336683    0.047379573   0.0055705281    0.081075217    0.011134034
            570    0.065846457   0.0078586302    0.051714705   0.0061475881    0.084409213    0.011478611
            575     0.06187124   0.0076473784    0.049451909   0.0057663547    0.076940295    0.010995369
            580    0.060428031   0.0073520414    0.046761654   0.0055224628    0.078959587    0.010386735
            585    0.073057027    0.016125322    0.056168051    0.011112196    0.095999172    0.024517547
            590    0.054210334   0.0067773362    0.041544587    0.005189944    0.071630217   0.0092449353
            595    0.039976476   0.0066603315    0.032627736   0.0048459509    0.048362067    0.010172884
            600    0.050843169   0.0066976971    0.042425473   0.0064837404    0.058821911    0.012045232
            605    0.035147401   0.0063210953    0.028272835   0.0047873264    0.043652951   0.0089569629
            610     0.03973563   0.0063372732    0.032521555   0.0047486047    0.047411496    0.010021603
            615     0.03721626   0.0059890762    0.029715138   0.0046001111    0.046393839   0.0081875672
            620    0.039935374   0.0060737419      0.0302175   0.0044974827    0.053815217   0.0085762336
            625     0.03920996   0.0056740871    0.029460669   0.0042838682    0.053192421    0.007827986
            630    0.039078878   0.0057452079    0.029520689   0.0042950234    0.052575768   0.0080072382
            635    0.031955216   0.0058667695    0.025636693   0.0043723601      0.0394925   0.0082996837
            640    0.024207677   0.0046158422    0.018486634   0.0034128877    0.032117992   0.0065753921
            645    0.038338307   0.0070986348    0.029198031   0.0050568822    0.051096673    0.010474756
            650    0.037404646   0.0060185821    0.028582126   0.0043686224    0.049790492   0.0088025392
            655    0.022250295   0.0042713075    0.016802028    0.003179876    0.030035748   0.0059699647
            660     0.03428309   0.0052919278    0.025508819   0.0039105309    0.047202244   0.0075961517
            665    0.025432303   0.0046848322    0.019719291    0.003525948    0.033005315   0.0065914593
            670    0.031730532   0.0058680504    0.024285964   0.0042305298     0.04196565   0.0085916039
            675    0.022948661   0.0048295758    0.017401968   0.0034702491    0.030824351   0.0072220976
            680    0.029593464   0.0070084642    0.022120059   0.0048526059    0.040302047    0.010678242
            685    0.027758524   0.0050969834     0.02106941   0.0036139795    0.037324272    0.007724945
            690    0.023342834   0.0045070386    0.017276693   0.0033180089    0.032346595   0.0063514545
            695    0.023242972   0.0042525541    0.017521713    0.003224765    0.031304036    0.005826713
            700    0.027320689   0.0050426546    0.022109705   0.0040010966    0.032870315   0.0069299746
            705    0.020872027   0.0042997505    0.016429764   0.0032737841     0.02642498    0.005918095
            710    0.014063366   0.0034917101    0.011328524   0.0027602377    0.017243169   0.0045941381
            715     0.02329752   0.0063578138    0.017532028   0.0042732425     0.03171239    0.010273161
            720    0.029465807    0.017849227    0.021096971    0.011879225    0.042226024    0.027803625
            725    0.016961004   0.0036168507    0.013158366   0.0028441383    0.021889311   0.0048216728
            730    0.013501752   0.0043703344    0.010673268   0.0031464781    0.017084232   0.0064128744
            735    0.013032224   0.0036751901   0.0098698623   0.0026504255    0.017545098   0.0053643971
            740    0.015993504   0.0038665003    0.012385965   0.0029013949    0.020892146   0.0054240973
            745    0.010626654   0.0033449306   0.0093724586   0.0025787594    0.011073228   0.0046412255
            750    0.011021477   0.0042370966   0.0094184253    0.003057706    0.012357323   0.0062102083
            755    0.015273996   0.0040254761    0.011027205   0.0028603321    0.021777657   0.0058860538
            760    0.010982716   0.0031380093   0.0096115551   0.0027378831    0.011598386   0.0041162875
            765    0.017746457   0.0038563551    0.013698898   0.0029369197    0.023062933   0.0055821962
            770    0.017798779    0.004985878    0.012651358   0.0034593833    0.025793662   0.0074611524
            775   0.0098035236   0.0032545862   0.0073522244   0.0023279288    0.013343799   0.0047943887
            780    0.010442323   0.0032845683    0.008472185   0.0025055788    0.012622618   0.0045758197
            785    0.019146201   0.0042339839     0.01444563   0.0031060514    0.025647244    0.006043241
            790   0.0070910826    0.002822454   0.0054004724   0.0019230173   0.0092975393   0.0045173729
            795    0.015024725   0.0070680951    0.010977402   0.0048539758    0.021150551    0.010668353
            800   0.0094082676   0.0027213296   0.0078693504   0.0023281098    0.010778407   0.0033831846
            805     0.01096624   0.0029391107   0.0090626969   0.0024673747    0.012956892   0.0036281917
            810   0.0050166141   0.0027958728   0.0043246457    0.001900329    0.005361496   0.0044728746
            815   0.0069010826   0.0023002647    0.005082815   0.0017041024   0.0096005512   0.0032266586
            820   0.0062071849   0.0026769867   0.0049250001   0.0019498246   0.0077234844   0.0039811831
            825   0.0045940551   0.0021655593   0.0035905315   0.0015513941   0.0058784842   0.0031782097
            830   0.0092567716   0.0030802053   0.0071627756   0.0021662214    0.012052658   0.0046690812
            835    0.018190256   0.0038036082    0.013503445   0.0028546187    0.025216811   0.0053098783
            840   0.0046321063   0.0021830812   0.0036596063   0.0016728774   0.0058386418   0.0030837293
            845   0.0045961811   0.0021663115   0.0031876575   0.0014367119   0.0068602757   0.0034265583
            850    0.009765315   0.0043061009   0.0069674999   0.0029454235    0.014102579   0.0065604899
            855   0.0091888385   0.0032484875   0.0076898031   0.0021646819    0.010661673   0.0060334139
            860   0.0092577362   0.0026730801   0.0067268308   0.0019480162    0.013055748   0.0037906795
            865   0.0063698031   0.0022593764   0.0043484449   0.0015576439   0.0097425198   0.0034569452
            870   0.0071099016   0.0029663999   0.0061239902   0.0020880481   0.0077528345   0.0047621662
            875   0.0045940551   0.0018754214   0.0030580512   0.0012536469   0.0072328739   0.0029696417
            880   0.0053713976   0.0023008363   0.0041963976   0.0017308782   0.0069259646   0.0032901256
            885   0.0032783071    0.001973286   0.0023698622   0.0013215155   0.0046609055   0.0030845065
            890   0.0053697637   0.0023002715    0.004896378   0.0016564555   0.0056264764   0.0026045052
            895   0.0053597244   0.0020256841   0.0040921259   0.0015836265   0.0070719882   0.0028051104
            900   0.0030627559   0.0015313014   0.0027627362   0.0014252924    0.003178937   0.0016802713
            905   0.0022970472   0.0013261345   0.0020679331   0.0012489126   0.0024050984   0.0013904863
            910  0.00076576767   0.0022969258 -0.00059374248   0.0034597211   0.0012010276   0.0018562559
            915   0.0076702952   0.0024254725   0.0054910237   0.0017429725    0.010994173   0.0034954065
            920   0.0053597243   0.0020256841   0.0040677362   0.0015509398   0.0072278543   0.0027858078
            925   0.0022970866   0.0017120382   0.0020407481   0.0012525861   0.0023762008   0.0022596984
            930   0.0034131692   0.0017332097   0.0026030905   0.0013247969   0.0045338977   0.0023093437
            935   0.0061254527   0.0021655663   0.0045720275   0.0016278585   0.0082992716   0.0029782504
            940   0.0022974803   0.0013263846   0.0015778346  0.00091215918    0.003465374   0.0020040321
            945   0.0040724409   0.0021292577   0.0031799015   0.0016279532   0.0053435827   0.0029467113
            950   0.0022970472   0.0013261345   0.0015823032  0.00092024301   0.0034718504   0.0020247978
            955   0.0015313779   0.0018754053   0.0012376773    0.003003364   0.0015666338   0.0016827228
            960   0.0045942913   0.0018755178   0.0033067913     0.00135954   0.0065290551   0.0026964548
            965   0.0038283858   0.0017120206    0.002615256   0.0011803978   0.0058356496   0.0026442583
            970   0.0030916339   0.0015459423   0.0026692126    0.001380577   0.0032788366   0.0018854932
            975 -5.9025591e-08   0.0010827518  -0.0002005315   0.0020498078  8.9370098e-05  0.00059067669
            980  0.00085596453   0.0017542583 -0.00098858279   0.0029112488   0.0014716575   0.0012825593
            985     0.00536187   0.0022976474   0.0044181693   0.0017682566    0.006284193   0.0031376107
            990   0.0015315354   0.0015313604   0.0013899804   0.0010638122   0.0015993702   0.0017157257
            995   0.0022970669   0.0013261459   0.0016330118  0.00094391843   0.0033172047   0.0019186603
           1000   0.0022970669   0.0013261459   0.0016330118  0.00094391843   0.0033172047   0.0019186603
