#         pt_bx        central        num_err    min (scale)        num_err    max (scale)        num_err
              0      1661.6794      1.3444924      1299.7421     0.99931963      2543.8712      8.0750359
              5      2114.7514       1.488021      1662.2283      1.1174494      3152.3426      8.2445239
             10      1393.2421       1.250717      1101.9303     0.94553492      2000.6284      6.0324946
             15      886.21375      1.0166148      704.91791     0.77765497      1246.5732      4.3658392
             20      583.45944     0.83308524       466.2568     0.64095937       801.0835      3.2301989
             25      398.85128     0.69160261      319.98116      0.5371986      535.37922      2.4847293
             30      283.93789     0.58513794      228.57204     0.45786433      377.65143      2.0203657
             35      207.30879     0.49865332      167.26226      0.3903364      272.09403      1.6383916
             40      155.40605     0.43266592      125.88342     0.34274855      201.18209      1.3703305
             45      118.01037      0.3774574      95.705432     0.29790823      152.18004      1.1388487
             50      91.850406     0.33471456      74.597296     0.26355517      117.62183     0.95350182
             55      72.761695     0.29514712      59.219714      0.2340043      91.935553     0.72435177
             60      58.596699     0.26598827      47.831286     0.22281538      72.923234     0.42735434
             65      47.134572     0.23733027      38.486744     0.18829429      59.950239     0.56124559
             70      39.164168     0.21644563      32.035136       0.172795      49.389312     0.61574778
             75      32.050529      0.1963079      26.202219     0.15741151      40.234737     0.29694157
             80      26.789737     0.17870809      21.886521     0.14323678      33.575458     0.25620009
             85      22.066539     0.16383058       18.05005     0.13179198      27.812026     0.37199842
             90       19.04991     0.15068621      15.548846     0.12072777      23.779106     0.24189649
             95      16.415779      0.1388339      13.396966      0.1117151      20.519887     0.20318531
            100      13.812793     0.12950253      11.299426     0.10367667      17.168794     0.17811175
            105      12.024541     0.11888086      9.8548961    0.095414001      14.895238     0.17296481
            110      10.328993     0.10937754      8.4083685    0.087743093      12.905819       0.149739
            115      9.0430774     0.10337215      7.3808241    0.086366064      11.245032     0.15264956
            120      7.6286369    0.095903044      6.2163097    0.075987631      9.5008167     0.13049767
            125      6.9120219    0.089531365      5.6839014    0.073880047      8.4508226     0.13496654
            130      6.0862073    0.084971582        4.93677     0.06762322      7.5835802     0.12106558
            135      5.3030017    0.079781551      4.3266732    0.063536655      6.6038047     0.11199031
            140      4.5187449    0.078357276        3.66682    0.061406745      5.6441939     0.11253247
            145       4.129997    0.070404321       3.356257    0.055755087      5.1240054    0.097214548
            150       3.729154    0.075476178      3.0174786    0.060931489      4.6821264    0.099768518
            155      3.3024387    0.068607757      2.6678324    0.053267305      4.1551041    0.095864043
            160      2.9909373    0.067438178      2.4457023    0.052467591      3.6710112    0.091607041
            165      2.6198016    0.055775696      2.1438862    0.044381253      3.2350221    0.078053648
            170      2.3284843    0.052231627      1.8902697    0.041445896      2.9065942    0.070324713
            175        2.17247    0.052129469      1.7546568    0.040792528      2.7119161    0.072534235
            180      1.9308739    0.047881116      1.5539912    0.037696443      2.4390586    0.064937175
            185      1.7192046    0.045116203      1.3910493    0.035489742      2.1535467    0.060958958
            190      1.5827524    0.045116519      1.2821734    0.035290328      1.9780014    0.061681474
            195       1.410716    0.040518882      1.1462886    0.031924537      1.7563626    0.055437936
            200      1.3515107     0.04376254      1.0890054    0.033781091      1.7031997    0.060667036
            205      1.1785479    0.037843365     0.95360712    0.029680749      1.4797408    0.052036931
            210      1.0911221    0.035180083     0.88885161    0.028342569      1.3502249    0.047742709
            215     0.91564895    0.032830517     0.74194902    0.025788408      1.1420599    0.044955192
            220     0.91841045    0.032611136     0.75008597    0.025858907      1.1315318    0.044194798
            225      0.8817329    0.032920368     0.71356525    0.026185341      1.1064925    0.045351113
            230     0.69403581     0.02837685       0.562033    0.022193201     0.86436388    0.038403278
            235     0.64279244    0.027351676     0.52015509    0.021459521     0.80470397    0.036832303
            240     0.63476043    0.028174844     0.50901004    0.021936077     0.80039933    0.038748775
            245     0.60813071    0.029418976     0.48688826    0.022363556     0.77067286    0.041223782
            250     0.54702779    0.024821639     0.44344431    0.019609124     0.68187644    0.033704534
            255     0.47868713    0.025175315     0.40518276    0.027254651     0.55697336    0.056126781
            260     0.48551183    0.024682926     0.39721247    0.019470544     0.59712288     0.03372742
            265     0.39856882    0.020976562     0.32504576    0.016430679     0.49052943    0.029158916
            270     0.41988719    0.023058573     0.34203481     0.01871378     0.52864459    0.033248147
            275     0.36067998     0.02248652     0.28792011    0.017094744     0.45812004    0.031456472
            280     0.35352793    0.019901033     0.28678477    0.016040068     0.43867873    0.028529865
            285      0.3093422    0.018783448     0.25131214    0.014965629     0.38242818    0.025524661
            290     0.27088244    0.018082341     0.21690048    0.013978629     0.34176931    0.024754571
            295      0.2603914    0.017174091     0.21193477    0.013595046     0.32136964    0.024062829
            300     0.22882738     0.01629293     0.18806229    0.013070101     0.27925933    0.022523131
            305     0.22847222     0.01641063      0.1846926     0.01283167     0.28518211    0.022327408
            310     0.21025524    0.016370639      0.1714255    0.012859323     0.26121984    0.022546669
            315     0.20067419    0.016210735     0.16275528    0.012376605     0.24880026    0.022583915
            320     0.19419982    0.015088726     0.15822193    0.011790119     0.23953122       0.020446
            325     0.18996653    0.014723442     0.15330011    0.011364572       0.235991    0.020990514
            330     0.15504882    0.014531712     0.12864851    0.011094998     0.18597283    0.021187535
            335     0.17137429    0.016169292       0.135594    0.012269943     0.22153974    0.022850213
            340       0.134676    0.012807658     0.11053517    0.010278509     0.16314537    0.019226847
            345     0.11698518    0.011817355     0.09540939   0.0092450954     0.14351725    0.016034552
            350     0.11606614    0.012324862    0.097972618    0.010445758     0.13661199    0.017431047
            355      0.1028048    0.011383261    0.083914744   0.0089126436     0.12591585    0.015748516
            360      0.1067289    0.010502971    0.087941241   0.0086400628     0.12886085    0.014519554
            365     0.10694648    0.011966477    0.086636955   0.0090544839     0.13310476    0.016930881
            370    0.095191417    0.010351297    0.074807776   0.0080203076      0.1231347    0.013912197
            375     0.10052994     0.01070106    0.080743976   0.0084733129     0.12621951    0.014237568
            380    0.076464566   0.0093355432    0.064208781   0.0075032688    0.089525835    0.012845796
            385    0.079950315   0.0095031355    0.064044208   0.0075326492     0.10126423    0.013032038
            390    0.087325019   0.0094576482     0.06975437   0.0074808319     0.11076481    0.012634723
            395    0.077965079   0.0097814615     0.06677624   0.0078355736    0.089048169     0.01317718
            400    0.065848091   0.0088892833    0.052734153   0.0068187892    0.082802579    0.012442872
            405    0.068756574   0.0096969158    0.055636988   0.0077017038    0.086421252    0.013057203
            410     0.07274876   0.0092317948    0.056666358   0.0070769435    0.095186828    0.012743677
            415    0.060002638   0.0091379404    0.047306929   0.0069251695    0.077283738    0.012715514
            420    0.042972421   0.0074583132    0.036989744   0.0064304993    0.048748642   0.0096612094
            425    0.035963287   0.0073954651    0.029095728   0.0056883805    0.044093996    0.010200893
            430    0.056938268   0.0086352083    0.044260413   0.0064479788    0.074390452    0.012266252
            435    0.041004744   0.0077846389    0.032462658   0.0058529589    0.052431378    0.010861638
            440    0.048966397   0.0072843041     0.04066437   0.0059714905    0.058670492   0.0098822681
            445    0.032577972   0.0062028989     0.02613813   0.0048101484    0.040813602   0.0083576728
            450    0.029035847   0.0070327103    0.023903514   0.0053671834    0.035055846   0.0099275002
            455    0.047719764    0.007369217    0.037181909   0.0056426249    0.062489528    0.010044412
            460    0.041091594   0.0068874161    0.031389311   0.0051184407    0.055081358   0.0097874164
            465    0.060601042    0.030279841    0.044734913    0.019954144    0.084392557    0.047659186
            470    0.020588878   0.0053449285    0.016921654   0.0040607772    0.025330295   0.0076023887
            475    0.027011909   0.0063379994    0.022640512    0.005049705    0.031875748   0.0086773235
            480    0.023058248    0.005219328    0.017805807   0.0038724113    0.030475512   0.0074037249
            485    0.028609941   0.0060005557    0.022691299   0.0045118759    0.036662224    0.008531304
            490     0.02343435   0.0062427282    0.019370492   0.0046901157    0.028148819   0.0087850462
            495    0.022350846   0.0050170193    0.018873051   0.0038656637    0.025647244   0.0072873689
            500    0.022350846   0.0050170193    0.018873051   0.0038656637    0.025647244   0.0072873689
