# y_bbZ-mbbZ750        central        num_err    min (scale)        num_err    max (scale)        num_err
             -5     0.61464764     0.31246747     0.41552657     0.19316392      1.3300217      2.1671853
           -4.9     0.36088189      1.0874262     -0.1787313       1.736921        2.53162      6.4200684
           -4.8      3.7075374     0.51543149      2.6513974     0.34576728      6.2247195      1.2941437
           -4.7      12.008401      1.0092286       8.649348     0.66972245      25.282945      11.044882
           -4.6      27.257928      1.4465427      20.091339     0.99914835      64.071693      9.7054597
           -4.5      57.076521      2.1085371      42.823678      1.4652074      114.56827      14.983687
           -4.4      109.17963      2.8985671      81.819104       2.024736      212.90397      19.394134
           -4.3      189.15468      3.8720541      142.69714      2.7129746      328.88679      28.438924
           -4.2      304.81453      4.8857683      231.10413      3.4370204      574.78095      35.792855
           -4.1       465.1208      5.9419574      353.50905      4.2458648      860.87283      37.449571
             -4      654.63762      6.9802065      499.65989       4.988694      1133.1546      45.443934
           -3.9      879.46982      8.0576268      675.85538      5.8127286      1386.6165      54.113506
           -3.8      1126.9922      9.0912907      868.81657      6.5799775      1824.1389      56.666415
           -3.7      1420.3053      10.048197      1096.3519      7.3312753      2271.7532      61.635416
           -3.6      1717.2955      11.090384      1331.7373      8.1428647       2757.131      61.520813
           -3.5      2060.5473      11.996847      1599.7356      8.7898886      3324.9016      68.099365
           -3.4      2408.1003      12.853083      1872.3197      9.4577676      3758.0346      72.269633
           -3.3      2732.3055      13.541709      2131.1845      10.013608      4202.0994      70.173384
           -3.2      3067.4481      14.323675      2396.4791      10.641625       4630.745      76.786558
           -3.1      3420.3624      15.144257      2678.7752      11.308297      5228.7278      73.829743
             -3      3736.0116      15.733689      2928.3107      11.673892      5550.0572      79.189034
           -2.9      4022.2478      16.196203      3162.2702      12.109198        5894.54      82.625146
           -2.8      4295.6318      16.647846      3380.6964      12.531139      6296.6767      80.822984
           -2.7      4601.1853      17.122852      3624.4464      12.875799      6871.2303      84.671314
           -2.6      4903.6176      17.862847      3867.0188       13.57511      7110.5388      83.770083
           -2.5      5164.5083      17.958577        4080.67      13.803956      7526.1709      80.794029
           -2.4      5361.9231      18.214791       4238.903      13.790944      7782.9626      81.565852
           -2.3      5572.8809      18.643254      4408.0229      14.126129      7951.8149      86.631038
           -2.2       5732.125      18.788133      4539.3752      14.321958      8328.1363        86.9501
           -2.1      5939.4393      19.029803       4705.189      14.515508       8388.122       90.74337
             -2      6085.0355      19.208402      4829.2067      14.680283       8728.994      85.801428
           -1.9      6219.2667      19.384365      4937.8601      15.056604      8854.7371      83.900689
           -1.8      6383.8218      19.515764      5070.9721      14.958752      9006.4217      91.150551
           -1.7      6437.8062      19.549567      5112.4365      15.054981      9126.3821      83.562143
           -1.6      6534.5974      19.689323      5197.2191      15.209576      9243.7512      86.351006
           -1.5      6604.1455      19.857345      5255.2765      15.221054      9252.9612      91.742437
           -1.4      6735.2894      20.000434      5360.7808       15.34412      9556.0325      88.806715
           -1.3      6762.7937      19.936053      5382.0938       15.34344      9404.1407      90.925027
           -1.2      6833.0101      20.052583      5442.2566      15.549904      9556.2653      89.448475
           -1.1      6818.7277      19.946831      5427.3967      15.396297      9699.9972      84.109262
             -1      6895.7896      20.100407      5491.8128      15.502314      9579.4805      87.516097
           -0.9      6927.0486      20.118379      5514.5508      15.506806       9624.242      84.240596
           -0.8      6936.5681      20.070596      5519.4032      15.532282      9736.2443      82.504086
           -0.7       6983.119      20.283587      5557.8884      15.570745       9885.316      85.925836
           -0.6      6992.7371      20.184771       5573.992      15.948626      9669.9067      85.850427
           -0.5      7038.5522      20.333965      5603.5771       15.77978      9922.8919        90.7699
           -0.4      7040.0678      20.321429      5614.1601      15.808762      9884.5717      83.870305
           -0.3      7029.8616      20.294842      5596.3253      15.625943       9834.337      86.348334
           -0.2      7065.5511      20.305911       5623.329      15.615963      10022.418      89.115979
           -0.1      7054.0849      20.265524      5617.1113      15.597764      9943.3478      84.765545
              0      7046.5994      20.224507      5612.7593      15.685173      9873.9497      84.458828
            0.1      7026.1573      20.227747      5594.4008      15.582349      9881.9128      91.171809
            0.2      7020.4634      20.411608      5590.2477      15.686743      9836.9306      88.646668
            0.3      7034.2456      20.296413      5602.4304      15.609278      9814.0125      92.874853
            0.4      7018.0416      20.305187      5586.5382       15.60993       9761.004      88.415994
            0.5      6980.3192      20.320245      5567.2192      15.734943      9842.4977      81.234205
            0.6      6967.9005       20.28232       5553.277      15.693709      9676.3796      87.487855
            0.7      6965.1053      20.269205      5539.8919       15.60381      9809.5426      91.604067
            0.8      6919.3071      20.355789      5509.1828       15.87552      9582.2963      86.099407
            0.9      6834.3886      20.354728      5443.7028        15.6494      9639.6463      88.700701
              1      6854.8954      20.169093      5454.8136      15.613345      9541.7716      93.969898
            1.1      6787.4968      20.315447      5406.3916       16.30957       9547.183      86.726733
            1.2      6734.2659      20.337923      5362.3003      15.707906      9415.2808      90.392518
            1.3      6662.4515      19.942487      5305.3501      15.330852      9227.4088      86.161921
            1.4      6628.8501      20.019503        5272.66      15.309927      9401.8868      91.269548
            1.5      6560.5989      19.933326      5216.5591      15.390346      9451.0614      92.282084
            1.6      6441.0806      19.730746      5121.1482      15.105922      9109.8023      87.377364
            1.7      6333.6278      19.667439      5026.5156      14.998697      9107.6118      89.578735
            1.8      6206.9985      19.917455      4926.7325      15.071175      8847.2288      87.761618
            1.9      6086.1619      19.355786      4826.2075       14.73484      8702.0576      87.795143
              2      5945.3133       19.19945      4715.7883      14.600096      8402.9332      89.298361
            2.1       5793.755      18.964943      4590.0122      14.505357       8282.973      88.670359
            2.2      5554.9289      18.851032      4399.3647      14.435529      7982.2799      87.265425
            2.3      5345.2796      18.329003      4223.6755      13.831985      7750.1344      85.527969
            2.4      5148.9057      18.480917      4063.4669      13.878284      7582.6546       90.73227
            2.5      4893.0456      17.818308      3857.3875      13.303251      7182.4794      88.432793
            2.6      4613.4371      17.288089      3635.0255      12.996048      6807.1083      80.773623
            2.7      4340.4404      16.947938      3417.1644       12.65821      6398.8304      87.631633
            2.8      4038.4008       16.35648      3173.3131       12.19117      5890.6347      84.088947
            2.9      3707.0479      15.884149      2908.1962      11.802975      5479.5551      80.532239
              3      3379.6754      15.346103      2647.9821      11.567768      5167.7581      80.774904
            3.1      3111.2477      14.669057      2430.1201      10.826527      4780.2867      83.659833
            3.2      2742.7664      13.840137      2137.8049      10.146556      4231.8509      71.636808
            3.3      2413.8493      13.134942      1880.5683      9.6388587       3665.918      79.733892
            3.4      2044.6094      12.242523        1588.51       8.943958      3257.4459      74.437026
            3.5      1737.8731      11.283107      1347.8628      8.2489881      2768.6557      69.084725
            3.6      1420.2682      10.317927       1096.244      7.4443692      2296.8887      58.619753
            3.7       1143.642      9.3361367      879.04667      6.6844909      1956.9976       58.81673
            3.8      882.80158      8.2508325      675.21445      5.8776547      1547.6738      52.670073
            3.9       651.5161      7.1056436      495.94603      5.0254112      1117.2228      49.314951
              4      466.96448      6.1866859      356.12943      4.4322597      826.40322      40.476002
            4.1      310.70544      5.1292068      235.49815      3.5625194      544.17579      34.752424
            4.2      188.76166      3.9669308      142.42306      2.7380721      362.83757      28.901255
            4.3      110.25814      2.9802338      82.796273      2.0676895      172.15913      23.383805
            4.4       56.32283      2.1454021      42.040235      1.4722386      113.34032      12.234774
            4.5      27.803818      1.5493167      20.607314      1.0374577      44.143604      10.816798
            4.6      10.784648     0.96221309      8.0372194     0.66235687      14.023559      3.2963546
            4.7      2.7532208     0.54847965      2.0368243      0.3606789      7.4197166      2.6693221
            4.8      1.0977884     0.34941586     0.76005226     0.21838348      4.7514577      2.5274492
            4.9     0.10605807      0.3880441     -1.8621299      5.4839386     0.17885926      0.2903017
              5     0.10605807      0.3880441     -1.8621299      5.4839386     0.17885926      0.2903017
