#    y_j1-ptj30        central        num_err    min (scale)        num_err    max (scale)        num_err
             -5      3.2001388     0.38106991      2.4923356     0.29640336      4.2293415     0.51399716
           -4.9      5.2812421     0.49708365      4.1681191     0.39232159      7.2022077     0.80242855
           -4.8      7.0591053     0.57837544      5.5205289     0.45122635      9.2705424     0.77946743
           -4.7      11.419232     0.74677557      9.1613462     0.59394936      14.532062     0.99697047
           -4.6      16.997134      0.9013928      13.465629     0.70746072      21.943823      1.2208567
           -4.5      89.265744      2.0794576      70.911102      1.6318364      115.35318      2.8623452
           -4.4      116.09647      2.3620671      92.000817      1.8507986      150.13156       3.193009
           -4.3      152.64051      2.6931446       120.8203      2.1087512      197.59721      3.6443299
           -4.2      197.47447       3.059444        156.335      2.3916191      255.93976       4.130299
           -4.1      241.42047      3.3815338      191.50837      2.6666394      311.32166      4.5602253
             -4      291.62879      3.7176136      232.08885      2.9165322      374.51019      5.0178329
           -3.9      353.70903      4.0948302      280.87889      3.2049244      455.11461      5.5120633
           -3.8      429.07589      4.5414798       342.1584      3.5687557       549.4167      6.3308195
           -3.7       506.3827       4.917563      403.96434      3.8636741      647.91138      6.5864251
           -3.6      586.65644      5.2635683      468.18556      4.1465546      750.04411      7.0805036
           -3.5      681.33808      5.6745287       544.1019      4.4710831      869.95174      7.6253623
           -3.4      787.83878      6.1321991       629.2838      4.8480784      1005.3424      8.2599597
           -3.3      896.71617      6.5285263       716.7723      5.1536867      1139.8428      9.4860276
           -3.2      1022.1268       6.945039      815.87478      5.4905545      1304.8573      9.3384754
           -3.1       1127.683      7.3302125       901.6485      5.8127073      1438.0791         10.063
             -3       1248.565      7.6933848      999.28512      6.0731497       1588.544      10.307526
           -2.9      1366.8145      8.0380216      1094.6001      6.3754253      1737.4725      10.892246
           -2.8      1493.7267      8.6489489       1193.045      6.8006897      1909.7269      12.161028
           -2.7      1623.5304      8.7399976      1299.3722      6.9619917      2064.9687      11.669982
           -2.6      1737.3744      9.0455913      1389.5197      7.1772892      2212.0004      12.129897
           -2.5      1861.6401       9.335582      1489.8383      7.3832944      2369.7067      12.513816
           -2.4      1981.6423      9.6553918      1585.3189       7.724763      2522.8647      12.990815
           -2.3      2106.0705      9.9156499      1684.1305      7.8413252      2683.0934      13.259479
           -2.2      2205.5873      10.197968      1764.9773      8.0887249      2806.4303      13.673242
           -2.1      2319.3987      10.390739      1855.3171      8.2255112      2952.8321      13.883931
             -2      2439.6328       10.64197      1951.6076      8.5094196      3107.4304      14.363168
           -1.9      2504.1325      10.854085      2001.9959      8.6188644      3192.4438      14.667068
           -1.8      2631.1695      11.083553      2103.3051       8.772819      3359.1956      15.780322
           -1.7      2715.9312      11.651326      2173.7783      9.7776572      3460.6123      16.849251
           -1.6      2788.4397      11.508269      2228.8231      9.0874539      3555.7888      15.453622
           -1.5      2865.7957      11.633924      2293.7952       9.232723      3646.4373      15.571917
           -1.4      2931.5384      11.668846      2343.2866      9.2439082      3736.7972      15.514731
           -1.3      3002.7603       11.80915      2400.2864      9.3466261      3827.5381      15.735883
           -1.2      3088.8524      11.952485      2469.2553      9.4803794      3938.7882      15.903518
           -1.1      3147.1913       12.04931      2513.9311      9.5635084      4015.1532      16.054452
             -1      3186.8554      12.220564      2549.2519      9.7298345      4057.6101      16.329062
           -0.9      3230.6176      12.345917        2583.75      9.8048554      4114.9227      16.454875
           -0.8      3277.0728       12.66484      2622.6868      10.243089      4170.3389      17.049748
           -0.7      3348.8768      12.470632      2676.6389      9.9961468      4269.3479      16.949647
           -0.6      3333.9768      12.400495      2664.6069      9.8339852      4251.8794      16.630817
           -0.5      3364.4897      12.453169      2690.0631      9.9035307      4288.0856      16.936315
           -0.4      3384.5952      12.640679      2703.1801      10.011344        4318.22      16.862344
           -0.3      3398.7204      12.972833      2715.1979      10.258138      4337.2164      17.433144
           -0.2      3422.3094      12.640018      2736.9674      10.037136      4360.2252      16.969291
           -0.1      3443.1153      12.628122      2752.4365      10.084043       4387.809      17.042106
              0      3399.1817      12.566054      2717.1371      9.9760552       4339.283      17.422826
            0.1      3405.2542      12.671651      2722.3871      10.254198      4336.9963      17.097088
            0.2      3414.7667      12.560525      2725.5637      9.9447161      4360.1774      16.781271
            0.3      3402.3817       12.55549      2717.6077      9.9621592      4341.8945      16.697644
            0.4       3361.576       12.55136       2687.554      10.133651       4284.848      16.702859
            0.5      3351.5914      12.409754      2683.2131      10.134979        4262.01      16.909642
            0.6      3301.5052      12.724994        2637.08      10.007989      4213.6494      17.101813
            0.7      3286.2749      12.306911      2628.9929      9.8101074      4185.5714      16.494906
            0.8      3229.6538      12.328042      2583.8797      9.7454127      4111.6421      16.680714
            0.9       3180.158      12.186848      2542.6485      9.6492115      4053.7742      16.316505
              1      3134.1719      12.027568      2506.0214      9.5531506      3993.5748      16.012427
            1.1      3059.6535       11.90086      2446.9755      9.4597901      3902.2515      16.555571
            1.2      3002.3307      11.882568      2400.1379       9.400478      3826.7954      15.839269
            1.3      2959.8487       11.73423      2368.3582      9.3359278      3766.8202      15.801905
            1.4      2875.3014      11.534558      2301.4539      9.3198263       3658.911      15.628697
            1.5      2792.9667      11.876831       2234.183      9.3692408      3557.9355       16.11407
            1.6      2691.7435       11.23186      2155.1318      9.0120486      3422.8056      14.998626
            1.7      2631.1434      11.107292      2103.6933      8.8286195      3352.8251      14.833906
            1.8      2534.1012      10.860073      2025.7209      8.6533615      3229.0033      14.562246
            1.9      2405.8535      10.606013      1925.1283      8.4998674       3063.581      14.516381
              2      2326.0182      10.620018      1860.4953      8.4040372      2961.8955      14.219035
            2.1      2202.8145      10.123401      1761.8161      8.0210627      2805.3523      13.504496
            2.2      2091.5054      9.8963909      1675.8604      7.9618414      2657.5576      13.314653
            2.3      1979.1568      9.6055786       1583.113      7.6107028      2520.7803      12.956197
            2.4      1860.1449      9.3189028      1487.3699      7.4249667      2372.1307      12.532866
            2.5      1735.8681      9.0088514      1389.0986      7.1563023      2212.5581      12.208977
            2.6      1632.4084       8.708387      1304.5201      6.9083602      2079.3262       11.77919
            2.7      1496.7541      8.3926621      1195.8868      6.6277282      1907.8741      11.399393
            2.8      1377.8416      8.0378785       1101.259      6.4051422      1756.0154      10.772722
            2.9       1248.933       7.634494      997.42987      6.0337761      1594.4261      10.198053
              3      1117.0251      7.2410871      891.56022      5.7103785      1426.9456      9.6728364
            3.1      1015.8753      6.9120091      811.37561      5.4766967      1296.4654      9.2585467
            3.2       897.2947      6.5002984      714.77711      5.1166029      1150.4859      8.7159271
            3.3        789.951      6.0872421      632.08258       5.102493      1006.0389      8.9825114
            3.4      691.86005      5.7173289      552.55859      4.5179214      883.23014      7.6209364
            3.5      596.31141      5.3042258      475.61672      4.1736235      763.76106      7.1647291
            3.6      506.17852      4.8975318      404.39094      3.9042305      646.31636      6.6241119
            3.7      432.03601      4.5064906      343.98598      3.5421253      555.69515       6.202736
            3.8      352.83584      4.0865903      281.67185      3.2547404      451.43917      5.5719013
            3.9      291.13127       3.707676      231.14247      2.9086439      375.16156      4.9796165
              4      238.03943      3.3659575      189.59933       2.641832      306.23043      4.6905199
            4.1      190.91485      2.9916805      151.39029      2.3536771        246.353      4.0817694
            4.2      151.38993       2.729575      120.68656      2.2411988      194.10428      3.7382954
            4.3      118.75744      2.3802795      94.207588      1.8663887      153.04518      3.2110263
            4.4      89.928256      2.6038548      72.047458      2.6589502       114.9636       2.847303
            4.5       17.43205     0.91869386      13.941915     0.72757612      22.190002      1.2251024
            4.6      11.343784      0.7372972      9.0496364     0.58289166      14.543777     0.99964785
            4.7        8.09694     0.60518917      6.3425689     0.47290521      10.658271     0.82269811
            4.8      5.5040345     0.50793671      4.3230345     0.39914442      7.2312864     0.68097339
            4.9      3.2963907     0.39404548      2.6134951     0.31570182      4.2549813      0.5141788
              5      3.2963907     0.39404548      2.6134951     0.31570182      4.2549813      0.5141788
